0 -5
0.2 -5
0.4 -5
0.6 -5
0.8 -5
1 -5
1.2 -5
1.4 -5
1.6 -5
1.8 -5
2 -5
2.2 -5
2.4 -5
2.6 -5
2.8 -5
3 -5
3.2 -5
3.4 -5
3.6 -5
3.8 -5
4 -5
4.2 -5
4.4 -5
4.6 -5
4.8 -5
5 5
5.2 5
5.4 5
5.6 5
5.8 5
6 5
6.2 5
6.4 5
6.6 5
6.8 5
7 5
7.2 5
7.4 5
7.6 5
7.8 5
8 5
8.2 5
8.4 5
8.6 5
8.8 5
9 0
9.2 0
9.4 0
9.6 0
9.8 0
10 -5
10.2 -5
10.4 -5
10.6 -5
10.8 -5
11 -5
11.2 -5
11.4 -5
11.6 -5
11.8 -5
12 -5
12.2 -5
12.4 -5
12.6 -5
12.8 -5
13 -5
13.2 -5
13.4 -5
13.6 -5
13.8 -5
14 -5
14.2 -5
14.4 -5
14.6 -5
14.8 -5
15 5
15.2 5
15.4 5
15.6 5
15.8 5
16 5
16.2 5
16.4 5
16.6 5
16.8 5
17 5
17.2 5
17.4 5
17.6 5
17.8 5
18 5
18.2 5
18.4 5
18.6 5
18.8 5
19 0
19.2 0
19.4 0
19.6 0
19.8 0
20 -5
20.2 -5
20.4 -5
20.6 -5
20.8 -5
21 -5
21.2 -5
21.4 -5
21.6 -5
21.8 -5
22 -5
22.2 -5
22.4 -5
22.6 -5
22.8 -5
23 -5
23.2 -5
23.4 -5
23.6 -5
23.8 -5
24 -5
24.2 -5
24.4 -5
24.6 -5
24.8 -5
25 5
25.2 5
25.4 5
25.6 5
25.8 5
26 5
26.2 5
26.4 5
26.6 5
26.8 5
27 5
27.2 5
27.4 5
27.6 5
27.8 5
28 5
28.2 5
28.4 5
28.6 5
28.8 5
29 0
29.2 0
29.4 0
29.6 0
29.8 0
30 -5
30.2 -5
30.4 -5
30.6 -5
30.8 -5
31 -5
31.2 -5
31.4 -5
31.6 -5
31.8 -5
32 -5
32.2 -5
32.4 -5
32.6 -5
32.8 -5
33 -5
33.2 -5
33.4 -5
33.6 -5
33.8 -5
34 -5
34.2 -5
34.4 -5
34.6 -5
34.8 -5
35 5
35.2 5
35.4 5
35.6 5
35.8 5
36 5
36.2 5
36.4 5
36.6 5
36.8 5
37 5
37.2 5
37.4 5
37.6 5
37.8 5
38 5
38.2 5
38.4 5
38.6 5
38.8 5
39 0
39.2 0
39.4 0
39.6 0
39.8 0
40 -5
40.2 -5
40.4 -5
40.6 -5
40.8 -5
41 -5
41.2 -5
41.4 -5
41.6 -5
41.8 -5
42 -5
42.2 -5
42.4 -5
42.6 -5
42.8 -5
43 -5
43.2 -5
43.4 -5
43.6 -5
43.8 -5
44 -5
44.2 -5
44.4 -5
44.6 -5
44.8 -5
45 5
45.2 5
45.4 5
45.6 5
45.8 5
46 5
46.2 5
46.4 5
46.6 5
46.8 5
47 5
47.2 5
47.4 5
47.6 5
47.8 5
48 5
48.2 5
48.4 5
48.6 5
48.8 5
49 0
49.2 0
49.4 0
49.6 0
49.8 0
50 -5
50.2 -5
50.4 -5
50.6 -5
50.8 -5
51 -5
51.2 -5
51.4 -5
51.6 -5
51.8 -5
52 -5
52.2 -5
52.4 -5
52.6 -5
52.8 -5
53 -5
53.2 -5
53.4 -5
53.6 -5
53.8 -5
54 -5
54.2 -5
54.4 -5
54.6 -5
54.8 -5
55 5
55.2 5
55.4 5
55.6 5
55.8 5
56 5
56.2 5
56.4 5
56.6 5
56.8 5
57 5
57.2 5
57.4 5
57.6 5
57.8 5
58 5
58.2 5
58.4 5
58.6 5
58.8 5
59 0
59.2 0
59.4 0
59.6 0
59.8 0
60 -5
60.2 -5
60.4 -5
60.6 -5
60.8 -5
61 -5
61.2 -5
61.4 -5
61.6 -5
61.8 -5
62 -5
62.2 -5
62.4 -5
62.6 -5
62.8 -5
63 -5
63.2 -5
63.4 -5
63.6 -5
63.8 -5
64 -5
64.2 -5
64.4 -5
64.6 -5
64.8 -5
65 5
65.2 5
65.4 5
65.6 5
65.8 5
66 5
66.2 5
66.4 5
66.6 5
66.8 5
67 5
67.2 5
67.4 5
67.6 5
67.8 5
68 5
68.2 5
68.4 5
68.6 5
68.8 5
69 0
69.2 0
69.4 0
69.6 0
69.8 0
70 -5
70.2 -5
70.4 -5
70.6 -5
70.8 -5
71 -5
71.2 -5
71.4 -5
71.6 -5
71.8 -5
72 -5
72.2 -5
72.4 -5
72.6 -5
72.8 -5
73 -5
73.2 -5
73.4 -5
73.6 -5
73.8 -5
74 -5
74.2 -5
74.4 -5
74.6 -5
74.8 -5
75 5
75.2 5
75.4 5
75.6 5
75.8 5
76 5
76.2 5
76.4 5
76.6 5
76.8 5
77 5
77.2 5
77.4 5
77.6 5
77.8 5
78 5
78.2 5
78.4 5
78.6 5
78.8 5
79 0
79.2 0
79.4 0
79.6 0
79.8 0
80 -5
80.2 -5
80.4 -5
80.6 -5
80.8 -5
81 -5
81.2 -5
81.4 -5
81.6 -5
81.8 -5
82 -5
82.2 -5
82.4 -5
82.6 -5
82.8 -5
83 -5
83.2 -5
83.4 -5
83.6 -5
83.8 -5
84 -5
84.2 -5
84.4 -5
84.6 -5
84.8 -5
85 5
85.2 5
85.4 5
85.6 5
85.8 5
86 5
86.2 5
86.4 5
86.6 5
86.8 5
87 5
87.2 5
87.4 5
87.6 5
87.8 5
88 5
88.2 5
88.4 5
88.6 5
88.8 5
89 0
89.2 0
89.4 0
89.6 0
89.8 0
90 -5
90.2 -5
90.4 -5
90.6 -5
90.8 -5
91 -5
91.2 -5
91.4 -5
91.6 -5
91.8 -5
92 -5
92.2 -5
92.4 -5
92.6 -5
92.8 -5
93 -5
93.2 -5
93.4 -5
93.6 -5
93.8 -5
94 -5
94.2 -5
94.4 -5
94.6 -5
94.8 -5
95 5
95.2 5
95.4 5
95.6 5
95.8 5
96 5
96.2 5
96.4 5
96.6 5
96.8 5
97 5
97.2 5
97.4 5
97.6 5
97.8 5
98 5
98.2 5
98.4 5
98.6 5
98.8 5
99 0
99.2 0
99.4 0
99.6 0
99.8 0
100 0
100.2 0
100.4 0
100.6 0
100.8 0
101 0
101.2 0
101.4 0
101.6 0
101.8 0
102 0
102.2 0
102.4 0
102.6 0
102.8 0
103 0
103.2 0
103.4 0
103.6 0
103.8 0
104 0
104.2 0
104.4 0
104.6 0
104.8 0
105 -5
105.2 -5
105.4 -5
105.6 -5
105.8 -5
106 -5
106.2 -5
106.4 -5
106.6 -5
106.8 -5
107 -5
107.2 -5
107.4 -5
107.6 -5
107.8 -5
108 -5
108.2 -5
108.4 -5
108.6 -5
108.8 -5
109 -5
109.2 -5
109.4 -5
109.6 -5
109.8 -5
110 -5
110.2 -5
110.4 -5
110.6 -5
110.8 -5
111 -5
111.2 -5
111.4 -5
111.6 -5
111.8 -5
112 5
112.2 5
112.4 5
112.6 5
112.8 5
113 5
113.2 5
113.4 5
113.6 5
113.8 5
114 5
114.2 5
114.4 5
114.6 5
114.8 5
115 5
115.2 5
115.4 5
115.6 5
115.8 5
116 5
116.2 5
116.4 5
116.6 5
116.8 5
117 5
117.2 5
117.4 5
117.6 5
117.8 5
118 5
118.2 5
118.4 5
118.6 5
118.8 5
119 0
119.2 0
119.4 0
119.6 0
119.8 0
120 0
120.2 0
120.4 0
120.6 0
120.8 0
121 0
121.2 0
121.4 0
121.6 0
121.8 0
122 0
122.2 0
122.4 0
122.6 0
122.8 0
123 0
123.2 0
123.4 0
123.6 0
123.8 0
124 0
124.2 0
124.4 0
124.6 0
124.8 0
125 0
125.2 0
125.4 0
125.6 0
125.8 0
126 -5
126.2 -5
126.4 -5
126.6 -5
126.8 -5
127 -5
127.2 -5
127.4 -5
127.6 -5
127.8 -5
128 -5
128.2 -5
128.4 -5
128.6 -5
128.8 -5
129 -5
129.2 -5
129.4 -5
129.6 -5
129.8 -5
130 -5
130.2 -5
130.4 -5
130.6 -5
130.8 -5
131 -5
131.2 -5
131.4 -5
131.6 -5
131.8 -5
132 -5
132.2 -5
132.4 -5
132.6 -5
132.8 -5
133 5
133.2 5
133.4 5
133.6 5
133.8 5
134 5
134.2 5
134.4 5
134.6 5
134.8 5
135 5
135.2 5
135.4 5
135.6 5
135.8 5
136 5
136.2 5
136.4 5
136.6 5
136.8 5
137 5
137.2 5
137.4 5
137.6 5
137.8 5
138 5
138.2 5
138.4 5
138.6 5
138.8 5
139 5
139.2 5
139.4 5
139.6 5
139.8 5
140 0
140.2 0
140.4 0
140.6 0
140.8 0
141 0
141.2 0
141.4 0
141.6 0
141.8 0
142 0
142.2 0
142.4 0
142.6 0
142.8 0
143 0
143.2 0
143.4 0
143.6 0
143.8 0
144 0
144.2 0
144.4 0
144.6 0
144.8 0
145 0
145.2 0
145.4 0
145.6 0
145.8 0
146 0
146.2 0
146.4 0
146.6 0
146.8 0
147 -5
147.2 -5
147.4 -5
147.6 -5
147.8 -5
148 -5
148.2 -5
148.4 -5
148.6 -5
148.8 -5
149 -5
149.2 -5
149.4 -5
149.6 -5
149.8 -5
150 -5
150.2 -5
150.4 -5
150.6 -5
150.8 -5
151 -5
151.2 -5
151.4 -5
151.6 -5
151.8 -5
152 -5
152.2 -5
152.4 -5
152.6 -5
152.8 -5
153 -5
153.2 -5
153.4 -5
153.6 -5
153.8 -5
154 5
154.2 5
154.4 5
154.6 5
154.8 5
155 5
155.2 5
155.4 5
155.6 5
155.8 5
156 5
156.2 5
156.4 5
156.6 5
156.8 5
157 5
157.2 5
157.4 5
157.6 5
157.8 5
158 5
158.2 5
158.4 5
158.6 5
158.8 5
159 5
159.2 5
159.4 5
159.6 5
159.8 5
160 5
160.2 5
160.4 5
160.6 5
160.8 5
161 0
161.2 0
161.4 0
161.6 0
161.8 0
162 0
162.2 0
162.4 0
162.6 0
162.8 0
163 0
163.2 0
163.4 0
163.6 0
163.8 0
164 0
164.2 0
164.4 0
164.6 0
164.8 0
165 0
165.2 0
165.4 0
165.6 0
165.8 0
166 0
166.2 0
166.4 0
166.6 0
166.8 0
167 0
167.2 0
167.4 0
167.6 0
167.8 0
168 -5
168.2 -5
168.4 -5
168.6 -5
168.8 -5
169 -5
169.2 -5
169.4 -5
169.6 -5
169.8 -5
170 -5
170.2 -5
170.4 -5
170.6 -5
170.8 -5
171 -5
171.2 -5
171.4 -5
171.6 -5
171.8 -5
172 -5
172.2 -5
172.4 -5
172.6 -5
172.8 -5
173 -5
173.2 -5
173.4 -5
173.6 -5
173.8 -5
174 -5
174.2 -5
174.4 -5
174.6 -5
174.8 -5
175 5
175.2 5
175.4 5
175.6 5
175.8 5
176 5
176.2 5
176.4 5
176.6 5
176.8 5
177 5
177.2 5
177.4 5
177.6 5
177.8 5
178 5
178.2 5
178.4 5
178.6 5
178.8 5
179 5
179.2 5
179.4 5
179.6 5
179.8 5
180 5
180.2 5
180.4 5
180.6 5
180.8 5
181 5
181.2 5
181.4 5
181.6 5
181.8 5
182 0
182.2 0
182.4 0
182.6 0
182.8 0
183 0
183.2 0
183.4 0
183.6 0
183.8 0
184 0
184.2 0
184.4 0
184.6 0
184.8 0
185 0
185.2 0
185.4 0
185.6 0
185.8 0
186 0
186.2 0
186.4 0
186.6 0
186.8 0
187 0
187.2 0
187.4 0
187.6 0
187.8 0
188 0
188.2 0
188.4 0
188.6 0
188.8 0
189 -5
189.2 -5
189.4 -5
189.6 -5
189.8 -5
190 -5
190.2 -5
190.4 -5
190.6 -5
190.8 -5
191 -5
191.2 -5
191.4 -5
191.6 -5
191.8 -5
192 -5
192.2 -5
192.4 -5
192.6 -5
192.8 -5
193 -5
193.2 -5
193.4 -5
193.6 -5
193.8 -5
194 -5
194.2 -5
194.4 -5
194.6 -5
194.8 -5
195 -5
195.2 -5
195.4 -5
195.6 -5
195.8 -5
196 5
196.2 5
196.4 5
196.6 5
196.8 5
197 5
197.2 5
197.4 5
197.6 5
197.8 5
198 5
198.2 5
198.4 5
198.6 5
198.8 5
199 5
199.2 5
199.4 5
199.6 5
199.8 5
200 5
200.2 5
200.4 5
200.6 5
200.8 5
201 5
201.2 5
201.4 5
201.6 5
201.8 5
202 5
202.2 5
202.4 5
202.6 5
202.8 5
203 0
203.2 0
203.4 0
203.6 0
203.8 0
204 0
204.2 0
204.4 0
204.6 0
204.8 0
205 0
205.2 0
205.4 0
205.6 0
205.8 0
206 0
206.2 0
206.4 0
206.6 0
206.8 0
207 0
207.2 0
207.4 0
207.6 0
207.8 0
208 0
208.2 0
208.4 0
208.6 0
208.8 0
209 0
209.2 0
209.4 0
209.6 0
209.8 0
210 -5
210.2 -5
210.4 -5
210.6 -5
210.8 -5
211 -5
211.2 -5
211.4 -5
211.6 -5
211.8 -5
212 -5
212.2 -5
212.4 -5
212.6 -5
212.8 -5
213 -5
213.2 -5
213.4 -5
213.6 -5
213.8 -5
214 -5
214.2 -5
214.4 -5
214.6 -5
214.8 -5
215 -5
215.2 -5
215.4 -5
215.6 -5
215.8 -5
216 -5
216.2 -5
216.4 -5
216.6 -5
216.8 -5
217 5
217.2 5
217.4 5
217.6 5
217.8 5
218 5
218.2 5
218.4 5
218.6 5
218.8 5
219 5
219.2 5
219.4 5
219.6 5
219.8 5
220 5
220.2 5
220.4 5
220.6 5
220.8 5
221 5
221.2 5
221.4 5
221.6 5
221.8 5
222 5
222.2 5
222.4 5
222.6 5
222.8 5
223 5
223.2 5
223.4 5
223.6 5
223.8 5
224 0
224.2 0
224.4 0
224.6 0
224.8 0
225 0
225.2 0
225.4 0
225.6 0
225.8 0
226 0
226.2 0
226.4 0
226.6 0
226.8 0
227 0
227.2 0
227.4 0
227.6 0
227.8 0
228 0
228.2 0
228.4 0
228.6 0
228.8 0
229 0
229.2 0
229.4 0
229.6 0
229.8 0
230 0
230.2 0
230.4 0
230.6 0
230.8 0
231 -5
231.2 -5
231.4 -5
231.6 -5
231.8 -5
232 -5
232.2 -5
232.4 -5
232.6 -5
232.8 -5
233 -5
233.2 -5
233.4 -5
233.6 -5
233.8 -5
234 -5
234.2 -5
234.4 -5
234.6 -5
234.8 -5
235 -5
235.2 -5
235.4 -5
235.6 -5
235.8 -5
236 -5
236.2 -5
236.4 -5
236.6 -5
236.8 -5
237 -5
237.2 -5
237.4 -5
237.6 -5
237.8 -5
238 5
238.2 5
238.4 5
238.6 5
238.8 5
239 5
239.2 5
239.4 5
239.6 5
239.8 5
240 5
240.2 5
240.4 5
240.6 5
240.8 5
241 5
241.2 5
241.4 5
241.6 5
241.8 5
242 5
242.2 5
242.4 5
242.6 5
242.8 5
243 5
243.2 5
243.4 5
243.6 5
243.8 5
244 5
244.2 5
244.4 5
244.6 5
244.8 5
245 0
245.2 0
245.4 0
245.6 0
245.8 0
246 0
246.2 0
246.4 0
246.6 0
246.8 0
247 0
247.2 0
247.4 0
247.6 0
247.8 0
248 0
248.2 0
248.4 0
248.6 0
248.8 0
249 0
249.2 0
249.4 0
249.6 0
249.8 0
0 -5
0.2 -5
0.4 -5
0.6 -5
0.8 -5
1 -5
1.2 -5
1.4 -5
1.6 -5
1.8 -5
2 -5
2.2 -5
2.4 -5
2.6 -5
2.8 -5
3 -5
3.2 -5
3.4 -5
3.6 -5
3.8 -5
4 -5
4.2 -5
4.4 -5
4.6 -5
4.8 -5
5 5
5.2 5
5.4 5
5.6 5
5.8 5
6 5
6.2 5
6.4 5
6.6 5
6.8 5
7 5
7.2 5
7.4 5
7.6 5
7.8 5
8 5
8.2 5
8.4 5
8.6 5
8.8 5
9 0
9.2 0
9.4 0
9.6 0
9.8 0
10 -5
10.2 -5
10.4 -5
10.6 -5
10.8 -5
11 -5
11.2 -5
11.4 -5
11.6 -5
11.8 -5
12 -5
12.2 -5
12.4 -5
12.6 -5
12.8 -5
13 -5
13.2 -5
13.4 -5
13.6 -5
13.8 -5
14 -5
14.2 -5
14.4 -5
14.6 -5
14.8 -5
15 5
15.2 5
15.4 5
15.6 5
15.8 5
16 5
16.2 5
16.4 5
16.6 5
16.8 5
17 5
17.2 5
17.4 5
17.6 5
17.8 5
18 5
18.2 5
18.4 5
18.6 5
18.8 5
19 0
19.2 0
19.4 0
19.6 0
19.8 0
20 -5
20.2 -5
20.4 -5
20.6 -5
20.8 -5
21 -5
21.2 -5
21.4 -5
21.6 -5
21.8 -5
22 -5
22.2 -5
22.4 -5
22.6 -5
22.8 -5
23 -5
23.2 -5
23.4 -5
23.6 -5
23.8 -5
24 -5
24.2 -5
24.4 -5
24.6 -5
24.8 -5
25 5
25.2 5
25.4 5
25.6 5
25.8 5
26 5
26.2 5
26.4 5
26.6 5
26.8 5
27 5
27.2 5
27.4 5
27.6 5
27.8 5
28 5
28.2 5
28.4 5
28.6 5
28.8 5
29 0
29.2 0
29.4 0
29.6 0
29.8 0
30 -5
30.2 -5
30.4 -5
30.6 -5
30.8 -5
31 -5
31.2 -5
31.4 -5
31.6 -5
31.8 -5
32 -5
32.2 -5
32.4 -5
32.6 -5
32.8 -5
33 -5
33.2 -5
33.4 -5
33.6 -5
33.8 -5
34 -5
34.2 -5
34.4 -5
34.6 -5
34.8 -5
35 5
35.2 5
35.4 5
35.6 5
35.8 5
36 5
36.2 5
36.4 5
36.6 5
36.8 5
37 5
37.2 5
37.4 5
37.6 5
37.8 5
38 5
38.2 5
38.4 5
38.6 5
38.8 5
39 0
39.2 0
39.4 0
39.6 0
39.8 0
40 -5
40.2 -5
40.4 -5
40.6 -5
40.8 -5
41 -5
41.2 -5
41.4 -5
41.6 -5
41.8 -5
42 -5
42.2 -5
42.4 -5
42.6 -5
42.8 -5
43 -5
43.2 -5
43.4 -5
43.6 -5
43.8 -5
44 -5
44.2 -5
44.4 -5
44.6 -5
44.8 -5
45 5
45.2 5
45.4 5
45.6 5
45.8 5
46 5
46.2 5
46.4 5
46.6 5
46.8 5
47 5
47.2 5
47.4 5
47.6 5
47.8 5
48 5
48.2 5
48.4 5
48.6 5
48.8 5
49 0
49.2 0
49.4 0
49.6 0
49.8 0
50 -5
50.2 -5
50.4 -5
50.6 -5
50.8 -5
51 -5
51.2 -5
51.4 -5
51.6 -5
51.8 -5
52 -5
52.2 -5
52.4 -5
52.6 -5
52.8 -5
53 -5
53.2 -5
53.4 -5
53.6 -5
53.8 -5
54 -5
54.2 -5
54.4 -5
54.6 -5
54.8 -5
55 5
55.2 5
55.4 5
55.6 5
55.8 5
56 5
56.2 5
56.4 5
56.6 5
56.8 5
57 5
57.2 5
57.4 5
57.6 5
57.8 5
58 5
58.2 5
58.4 5
58.6 5
58.8 5
59 0
59.2 0
59.4 0
59.6 0
59.8 0
60 -5
60.2 -5
60.4 -5
60.6 -5
60.8 -5
61 -5
61.2 -5
61.4 -5
61.6 -5
61.8 -5
62 -5
62.2 -5
62.4 -5
62.6 -5
62.8 -5
63 -5
63.2 -5
63.4 -5
63.6 -5
63.8 -5
64 -5
64.2 -5
64.4 -5
64.6 -5
64.8 -5
65 5
65.2 5
65.4 5
65.6 5
65.8 5
66 5
66.2 5
66.4 5
66.6 5
66.8 5
67 5
67.2 5
67.4 5
67.6 5
67.8 5
68 5
68.2 5
68.4 5
68.6 5
68.8 5
69 0
69.2 0
69.4 0
69.6 0
69.8 0
70 -5
70.2 -5
70.4 -5
70.6 -5
70.8 -5
71 -5
71.2 -5
71.4 -5
71.6 -5
71.8 -5
72 -5
72.2 -5
72.4 -5
72.6 -5
72.8 -5
73 -5
73.2 -5
73.4 -5
73.6 -5
73.8 -5
74 -5
74.2 -5
74.4 -5
74.6 -5
74.8 -5
75 5
75.2 5
75.4 5
75.6 5
75.8 5
76 5
76.2 5
76.4 5
76.6 5
76.8 5
77 5
77.2 5
77.4 5
77.6 5
77.8 5
78 5
78.2 5
78.4 5
78.6 5
78.8 5
79 0
79.2 0
79.4 0
79.6 0
79.8 0
80 -5
80.2 -5
80.4 -5
80.6 -5
80.8 -5
81 -5
81.2 -5
81.4 -5
81.6 -5
81.8 -5
82 -5
82.2 -5
82.4 -5
82.6 -5
82.8 -5
83 -5
83.2 -5
83.4 -5
83.6 -5
83.8 -5
84 -5
84.2 -5
84.4 -5
84.6 -5
84.8 -5
85 5
85.2 5
85.4 5
85.6 5
85.8 5
86 5
86.2 5
86.4 5
86.6 5
86.8 5
87 5
87.2 5
87.4 5
87.6 5
87.8 5
88 5
88.2 5
88.4 5
88.6 5
88.8 5
89 0
89.2 0
89.4 0
89.6 0
89.8 0
90 -5
90.2 -5
90.4 -5
90.6 -5
90.8 -5
91 -5
91.2 -5
91.4 -5
91.6 -5
91.8 -5
92 -5
92.2 -5
92.4 -5
92.6 -5
92.8 -5
93 -5
93.2 -5
93.4 -5
93.6 -5
93.8 -5
94 -5
94.2 -5
94.4 -5
94.6 -5
94.8 -5
95 5
95.2 5
95.4 5
95.6 5
95.8 5
96 5
96.2 5
96.4 5
96.6 5
96.8 5
97 5
97.2 5
97.4 5
97.6 5
97.8 5
98 5
98.2 5
98.4 5
98.6 5
98.8 5
99 0
99.2 0
99.4 0
99.6 0
99.8 0
100 0
100.2 0
100.4 0
100.6 0
100.8 0
101 0
101.2 0
101.4 0
101.6 0
101.8 0
102 0
102.2 0
102.4 0
102.6 0
102.8 0
103 0
103.2 0
103.4 0
103.6 0
103.8 0
104 0
104.2 0
104.4 0
104.6 0
104.8 0
105 -5
105.2 -5
105.4 -5
105.6 -5
105.8 -5
106 -5
106.2 -5
106.4 -5
106.6 -5
106.8 -5
107 -5
107.2 -5
107.4 -5
107.6 -5
107.8 -5
108 -5
108.2 -5
108.4 -5
108.6 -5
108.8 -5
109 -5
109.2 -5
109.4 -5
109.6 -5
109.8 -5
110 -5
110.2 -5
110.4 -5
110.6 -5
110.8 -5
111 -5
111.2 -5
111.4 -5
111.6 -5
111.8 -5
112 5
112.2 5
112.4 5
112.6 5
112.8 5
113 5
113.2 5
113.4 5
113.6 5
113.8 5
114 5
114.2 5
114.4 5
114.6 5
114.8 5
115 5
115.2 5
115.4 5
115.6 5
115.8 5
116 5
116.2 5
116.4 5
116.6 5
116.8 5
117 5
117.2 5
117.4 5
117.6 5
117.8 5
118 5
118.2 5
118.4 5
118.6 5
118.8 5
119 0
119.2 0
119.4 0
119.6 0
119.8 0
120 0
120.2 0
120.4 0
120.6 0
120.8 0
121 0
121.2 0
121.4 0
121.6 0
121.8 0
122 0
122.2 0
122.4 0
122.6 0
122.8 0
123 0
123.2 0
123.4 0
123.6 0
123.8 0
124 0
124.2 0
124.4 0
124.6 0
124.8 0
125 0
125.2 0
125.4 0
125.6 0
125.8 0
126 -5
126.2 -5
126.4 -5
126.6 -5
126.8 -5
127 -5
127.2 -5
127.4 -5
127.6 -5
127.8 -5
128 -5
128.2 -5
128.4 -5
128.6 -5
128.8 -5
129 -5
129.2 -5
129.4 -5
129.6 -5
129.8 -5
130 -5
130.2 -5
130.4 -5
130.6 -5
130.8 -5
131 -5
131.2 -5
131.4 -5
131.6 -5
131.8 -5
132 -5
132.2 -5
132.4 -5
132.6 -5
132.8 -5
133 5
133.2 5
133.4 5
133.6 5
133.8 5
134 5
134.2 5
134.4 5
134.6 5
134.8 5
135 5
135.2 5
135.4 5
135.6 5
135.8 5
136 5
136.2 5
136.4 5
136.6 5
136.8 5
137 5
137.2 5
137.4 5
137.6 5
137.8 5
138 5
138.2 5
138.4 5
138.6 5
138.8 5
139 5
139.2 5
139.4 5
139.6 5
139.8 5
140 0
140.2 0
140.4 0
140.6 0
140.8 0
141 0
141.2 0
141.4 0
141.6 0
141.8 0
142 0
142.2 0
142.4 0
142.6 0
142.8 0
143 0
143.2 0
143.4 0
143.6 0
143.8 0
144 0
144.2 0
144.4 0
144.6 0
144.8 0
145 0
145.2 0
145.4 0
145.6 0
145.8 0
146 0
146.2 0
146.4 0
146.6 0
146.8 0
147 -5
147.2 -5
147.4 -5
147.6 -5
147.8 -5
148 -5
148.2 -5
148.4 -5
148.6 -5
148.8 -5
149 -5
149.2 -5
149.4 -5
149.6 -5
149.8 -5
150 -5
150.2 -5
150.4 -5
150.6 -5
150.8 -5
151 -5
151.2 -5
151.4 -5
151.6 -5
151.8 -5
152 -5
152.2 -5
152.4 -5
152.6 -5
152.8 -5
153 -5
153.2 -5
153.4 -5
153.6 -5
153.8 -5
154 5
154.2 5
154.4 5
154.6 5
154.8 5
155 5
155.2 5
155.4 5
155.6 5
155.8 5
156 5
156.2 5
156.4 5
156.6 5
156.8 5
157 5
157.2 5
157.4 5
157.6 5
157.8 5
158 5
158.2 5
158.4 5
158.6 5
158.8 5
159 5
159.2 5
159.4 5
159.6 5
159.8 5
160 5
160.2 5
160.4 5
160.6 5
160.8 5
161 0
161.2 0
161.4 0
161.6 0
161.8 0
162 0
162.2 0
162.4 0
162.6 0
162.8 0
163 0
163.2 0
163.4 0
163.6 0
163.8 0
164 0
164.2 0
164.4 0
164.6 0
164.8 0
165 0
165.2 0
165.4 0
165.6 0
165.8 0
166 0
166.2 0
166.4 0
166.6 0
166.8 0
167 0
167.2 0
167.4 0
167.6 0
167.8 0
168 -5
168.2 -5
168.4 -5
168.6 -5
168.8 -5
169 -5
169.2 -5
169.4 -5
169.6 -5
169.8 -5
170 -5
170.2 -5
170.4 -5
170.6 -5
170.8 -5
171 -5
171.2 -5
171.4 -5
171.6 -5
171.8 -5
172 -5
172.2 -5
172.4 -5
172.6 -5
172.8 -5
173 -5
173.2 -5
173.4 -5
173.6 -5
173.8 -5
174 -5
174.2 -5
174.4 -5
174.6 -5
174.8 -5
175 5
175.2 5
175.4 5
175.6 5
175.8 5
176 5
176.2 5
176.4 5
176.6 5
176.8 5
177 5
177.2 5
177.4 5
177.6 5
177.8 5
178 5
178.2 5
178.4 5
178.6 5
178.8 5
179 5
179.2 5
179.4 5
179.6 5
179.8 5
180 5
180.2 5
180.4 5
180.6 5
180.8 5
181 5
181.2 5
181.4 5
181.6 5
181.8 5
182 0
182.2 0
182.4 0
182.6 0
182.8 0
183 0
183.2 0
183.4 0
183.6 0
183.8 0
184 0
184.2 0
184.4 0
184.6 0
184.8 0
185 0
185.2 0
185.4 0
185.6 0
185.8 0
186 0
186.2 0
186.4 0
186.6 0
186.8 0
187 0
187.2 0
187.4 0
187.6 0
187.8 0
188 0
188.2 0
188.4 0
188.6 0
188.8 0
189 -5
189.2 -5
189.4 -5
189.6 -5
189.8 -5
190 -5
190.2 -5
190.4 -5
190.6 -5
190.8 -5
191 -5
191.2 -5
191.4 -5
191.6 -5
191.8 -5
192 -5
192.2 -5
192.4 -5
192.6 -5
192.8 -5
193 -5
193.2 -5
193.4 -5
193.6 -5
193.8 -5
194 -5
194.2 -5
194.4 -5
194.6 -5
194.8 -5
195 -5
195.2 -5
195.4 -5
195.6 -5
195.8 -5
196 5
196.2 5
196.4 5
196.6 5
196.8 5
197 5
197.2 5
197.4 5
197.6 5
197.8 5
198 5
198.2 5
198.4 5
198.6 5
198.8 5
199 5
199.2 5
199.4 5
199.6 5
199.8 5
200 5
200.2 5
0 -5
0.2 -5
0.4 -5
0.6 -5
0.8 -5
1 -5
1.2 -5
1.4 -5
1.6 -5
1.8 -5
2 -5
2.2 -5
2.4 -5
2.6 -5
2.8 -5
3 -5
3.2 -5
3.4 -5
3.6 -5
3.8 -5
4 -5
4.2 -5
4.4 -5
4.6 -5
4.8 -5
5 5
5.2 5
5.4 5
5.6 5
5.8 5
6 5
6.2 5
6.4 5
6.6 5
6.8 5
7 5
7.2 5
7.4 5
7.6 5
7.8 5
8 5
8.2 5
8.4 5
8.6 5
8.8 5
9 0
9.2 0
9.4 0
9.6 0
9.8 0
10 -5
10.2 -5
10.4 -5
10.6 -5
10.8 -5
11 -5
11.2 -5
11.4 -5
11.6 -5
11.8 -5
12 -5
12.2 -5
12.4 -5
12.6 -5
12.8 -5
13 -5
13.2 -5
13.4 -5
13.6 -5
13.8 -5
14 -5
14.2 -5
14.4 -5
14.6 -5
14.8 -5
15 5
15.2 5
15.4 5
15.6 5
15.8 5
16 5
16.2 5
16.4 5
16.6 5
16.8 5
17 5
17.2 5
17.4 5
17.6 5
17.8 5
18 5
18.2 5
18.4 5
18.6 5
18.8 5
19 0
19.2 0
19.4 0
19.6 0
19.8 0
20 -5
20.2 -5
20.4 -5
20.6 -5
20.8 -5
21 -5
21.2 -5
21.4 -5
21.6 -5
21.8 -5
22 -5
22.2 -5
22.4 -5
22.6 -5
22.8 -5
23 -5
23.2 -5
23.4 -5
23.6 -5
23.8 -5
24 -5
24.2 -5
24.4 -5
24.6 -5
24.8 -5
25 5
25.2 5
25.4 5
25.6 5
25.8 5
26 5
26.2 5
26.4 5
26.6 5
26.8 5
27 5
27.2 5
27.4 5
27.6 5
27.8 5
28 5
28.2 5
28.4 5
28.6 5
28.8 5
29 0
29.2 0
29.4 0
29.6 0
29.8 0
30 -5
30.2 -5
30.4 -5
30.6 -5
30.8 -5
31 -5
31.2 -5
31.4 -5
31.6 -5
31.8 -5
32 -5
32.2 -5
32.4 -5
32.6 -5
32.8 -5
33 -5
33.2 -5
33.4 -5
33.6 -5
33.8 -5
34 -5
34.2 -5
34.4 -5
34.6 -5
34.8 -5
35 5
35.2 5
35.4 5
35.6 5
35.8 5
36 5
36.2 5
36.4 5
36.6 5
36.8 5
37 5
37.2 5
37.4 5
37.6 5
37.8 5
38 5
38.2 5
38.4 5
38.6 5
38.8 5
39 0
39.2 0
39.4 0
39.6 0
39.8 0
0 -5
0.2 -5
0.4 -5
0.6 -5
0.8 -5
1 -5
1.2 -5
1.4 -5
1.6 -5
1.8 -5
2 -5
2.2 -5
2.4 -5
2.6 -5
2.8 -5
3 -5
3.2 -5
3.4 -5
3.6 -5
3.8 -5
4 -5
4.2 -5
4.4 -5
4.6 -5
4.8 -5
5 5
5.2 5
5.4 5
5.6 5
5.8 5
6 5
6.2 5
6.4 5
6.6 5
6.8 5
7 5
7.2 5
7.4 5
7.6 5
7.8 5
8 5
8.2 5
8.4 5
8.6 5
8.8 5
9 0
9.2 0
9.4 0
9.6 0
9.8 0
10 -5
10.2 -5
10.4 -5
10.6 -5
10.8 -5
11 -5
11.2 -5
11.4 -5
11.6 -5
11.8 -5
12 -5
12.2 -5
12.4 -5
12.6 -5
12.8 -5
13 -5
13.2 -5
13.4 -5
13.6 -5
13.8 -5
14 -5
14.2 -5
14.4 -5
14.6 -5
14.8 -5
15 5
15.2 5
15.4 5
15.6 5
15.8 5
16 5
16.2 5
16.4 5
16.6 5
16.8 5
17 5
17.2 5
17.4 5
17.6 5
17.8 5
18 5
18.2 5
18.4 5
18.6 5
18.8 5
19 0
19.2 0
19.4 0
19.6 0
19.8 0
20 -5
20.2 -5
20.4 -5
20.6 -5
20.8 -5
21 -5
21.2 -5
21.4 -5
21.6 -5
21.8 -5
22 -5
22.2 -5
22.4 -5
22.6 -5
22.8 -5
23 -5
23.2 -5
23.4 -5
23.6 -5
23.8 -5
24 -5
24.2 -5
24.4 -5
24.6 -5
24.8 -5
25 5
25.2 5
25.4 5
25.6 5
25.8 5
26 5
26.2 5
26.4 5
26.6 5
26.8 5
27 5
27.2 5
27.4 5
27.6 5
27.8 5
28 5
28.2 5
28.4 5
28.6 5
28.8 5
29 0
29.2 0
29.4 0
29.6 0
29.8 0
30 -5
30.2 -5
30.4 -5
30.6 -5
30.8 -5
31 -5
31.2 -5
31.4 -5
31.6 -5
31.8 -5
32 -5
32.2 -5
32.4 -5
32.6 -5
32.8 -5
33 -5
33.2 -5
33.4 -5
33.6 -5
33.8 -5
34 -5
34.2 -5
34.4 -5
34.6 -5
34.8 -5
35 5
35.2 5
35.4 5
35.6 5
35.8 5
36 5
36.2 5
36.4 5
36.6 5
36.8 5
37 5
37.2 5
37.4 5
37.6 5
37.8 5
38 5
38.2 5
38.4 5
38.6 5
38.8 5
39 0
39.2 0
39.4 0
39.6 0
39.8 0
0 -5
0.2 -5
0.4 -5
0.6 -5
0.8 -5
1 -5
1.2 -5
1.4 -5
1.6 -5
1.8 -5
2 -5
2.2 -5
2.4 -5
2.6 -5
2.8 -5
3 -5
3.2 -5
3.4 -5
3.6 -5
3.8 -5
4 -5
4.2 -5
4.4 -5
4.6 -5
4.8 -5
5 5
5.2 5
5.4 5
5.6 5
5.8 5
6 5
6.2 5
6.4 5
6.6 5
6.8 5
7 5
7.2 5
7.4 5
7.6 5
7.8 5
8 5
8.2 5
8.4 5
8.6 5
8.8 5
9 0
9.2 0
9.4 0
9.6 0
9.8 0
10 -5
10.2 -5
10.4 -5
10.6 -5
10.8 -5
11 -5
11.2 -5
11.4 -5
11.6 -5
11.8 -5
12 -5
12.2 -5
12.4 -5
12.6 -5
12.8 -5
13 -5
13.2 -5
13.4 -5
13.6 -5
13.8 -5
14 -5
14.2 -5
14.4 -5
14.6 -5
14.8 -5
15 5
15.2 5
15.4 5
15.6 5
15.8 5
16 5
16.2 5
16.4 5
16.6 5
16.8 5
17 5
17.2 5
17.4 5
17.6 5
17.8 5
18 5
18.2 5
18.4 5
18.6 5
18.8 5
19 0
19.2 0
19.4 0
19.6 0
19.8 0
20 -5
20.2 -5
20.4 -5
20.6 -5
20.8 -5
21 -5
21.2 -5
21.4 -5
21.6 -5
21.8 -5
22 -5
22.2 -5
22.4 -5
22.6 -5
22.8 -5
23 -5
23.2 -5
23.4 -5
23.6 -5
23.8 -5
24 -5
24.2 -5
24.4 -5
24.6 -5
24.8 -5
25 5
25.2 5
25.4 5
25.6 5
25.8 5
26 5
26.2 5
26.4 5
26.6 5
26.8 5
27 5
27.2 5
27.4 5
27.6 5
27.8 5
28 5
28.2 5
28.4 5
28.6 5
28.8 5
29 0
29.2 0
29.4 0
29.6 0
29.8 0
30 -5
30.2 -5
30.4 -5
30.6 -5
30.8 -5
31 -5
31.2 -5
31.4 -5
31.6 -5
31.8 -5
32 -5
32.2 -5
32.4 -5
32.6 -5
32.8 -5
33 -5
33.2 -5
33.4 -5
33.6 -5
33.8 -5
34 -5
34.2 -5
34.4 -5
34.6 -5
34.8 -5
35 5
35.2 5
35.4 5
35.6 5
35.8 5
36 5
36.2 5
36.4 5
36.6 5
36.8 5
37 5
37.2 5
37.4 5
37.6 5
37.8 5
38 5
38.2 5
38.4 5
38.6 5
38.8 5
39 0
39.2 0
39.4 0
39.6 0
39.8 0
0 -5
0.2 -5
0.4 -5
0.6 -5
0.8 -5
1 -5
1.2 -5
1.4 -5
1.6 -5
1.8 -5
2 -5
2.2 -5
2.4 -5
2.6 -5
2.8 -5
3 -5
3.2 -5
3.4 -5
3.6 -5
3.8 -5
4 -5
4.2 -5
4.4 -5
4.6 -5
4.8 -5
5 5
5.2 5
5.4 5
5.6 5
5.8 5
6 5
6.2 5
6.4 5
6.6 5
6.8 5
7 5
7.2 5
7.4 5
7.6 5
7.8 5
8 5
8.2 5
8.4 5
8.6 5
8.8 5
9 0
9.2 0
9.4 0
9.6 0
9.8 0
10 -5
10.2 -5
10.4 -5
10.6 -5
10.8 -5
11 -5
11.2 -5
11.4 -5
11.6 -5
11.8 -5
12 -5
12.2 -5
12.4 -5
12.6 -5
12.8 -5
13 -5
13.2 -5
13.4 -5
13.6 -5
13.8 -5
14 -5
14.2 -5
14.4 -5
14.6 -5
14.8 -5
15 5
15.2 5
15.4 5
15.6 5
15.8 5
16 5
16.2 5
16.4 5
16.6 5
16.8 5
17 5
17.2 5
17.4 5
17.6 5
17.8 5
18 5
18.2 5
18.4 5
18.6 5
18.8 5
19 0
19.2 0
19.4 0
19.6 0
19.8 0
20 -5
20.2 -5
20.4 -5
20.6 -5
20.8 -5
21 -5
21.2 -5
21.4 -5
21.6 -5
21.8 -5
22 -5
22.2 -5
22.4 -5
22.6 -5
22.8 -5
23 -5
23.2 -5
23.4 -5
23.6 -5
23.8 -5
24 -5
24.2 -5
24.4 -5
24.6 -5
24.8 -5
25 5
25.2 5
25.4 5
25.6 5
25.8 5
26 5
26.2 5
26.4 5
26.6 5
26.8 5
27 5
27.2 5
27.4 5
27.6 5
27.8 5
28 5
28.2 5
28.4 5
28.6 5
28.8 5
29 0
29.2 0
29.4 0
29.6 0
29.8 0
30 -5
30.2 -5
30.4 -5
30.6 -5
30.8 -5
31 -5
31.2 -5
31.4 -5
31.6 -5
31.8 -5
32 -5
32.2 -5
32.4 -5
32.6 -5
32.8 -5
33 -5
33.2 -5
33.4 -5
33.6 -5
33.8 -5
34 -5
34.2 -5
34.4 -5
34.6 -5
34.8 -5
35 5
35.2 5
35.4 5
35.6 5
35.8 5
36 5
36.2 5
36.4 5
36.6 5
36.8 5
37 5
37.2 5
37.4 5
37.6 5
37.8 5
38 5
38.2 5
38.4 5
38.6 5
38.8 5
39 0
39.2 0
39.4 0
39.6 0
39.8 0
0 -5
0.2 -5
0.4 -5
0.6 -5
0.8 -5
1 -5
1.2 -5
1.4 -5
1.6 -5
1.8 -5
2 -5
2.2 -5
2.4 -5
2.6 -5
2.8 -5
3 -5
3.2 -5
3.4 -5
3.6 -5
3.8 -5
4 -5
4.2 -5
4.4 -5
4.6 -5
4.8 -5
5 5
5.2 5
5.4 5
5.6 5
5.8 5
6 5
6.2 5
6.4 5
6.6 5
6.8 5
7 5
7.2 5
7.4 5
7.6 5
7.8 5
8 5
8.2 5
8.4 5
8.6 5
8.8 5
9 0
9.2 0
9.4 0
9.6 0
9.8 0
10 -5
10.2 -5
10.4 -5
10.6 -5
10.8 -5
11 -5
11.2 -5
11.4 -5
11.6 -5
11.8 -5
12 -5
12.2 -5
12.4 -5
12.6 -5
12.8 -5
13 -5
13.2 -5
13.4 -5
13.6 -5
13.8 -5
14 -5
14.2 -5
14.4 -5
14.6 -5
14.8 -5
15 5
15.2 5
15.4 5
15.6 5
15.8 5
16 5
16.2 5
16.4 5
16.6 5
16.8 5
17 5
17.2 5
17.4 5
17.6 5
17.8 5
18 5
18.2 5
18.4 5
18.6 5
18.8 5
19 0
19.2 0
19.4 0
19.6 0
19.8 0
20 -5
20.2 -5
20.4 -5
20.6 -5
20.8 -5
21 -5
21.2 -5
21.4 -5
21.6 -5
21.8 -5
22 -5
22.2 -5
22.4 -5
22.6 -5
22.8 -5
23 -5
23.2 -5
23.4 -5
23.6 -5
23.8 -5
24 -5
24.2 -5
24.4 -5
24.6 -5
24.8 -5
25 5
25.2 5
25.4 5
25.6 5
25.8 5
26 5
26.2 5
26.4 5
26.6 5
26.8 5
27 5
27.2 5
27.4 5
27.6 5
27.8 5
28 5
28.2 5
28.4 5
28.6 5
28.8 5
29 0
29.2 0
29.4 0
29.6 0
29.8 0
30 -5
30.2 -5
30.4 -5
30.6 -5
30.8 -5
31 -5
31.2 -5
31.4 -5
31.6 -5
31.8 -5
32 -5
32.2 -5
32.4 -5
32.6 -5
32.8 -5
33 -5
33.2 -5
33.4 -5
33.6 -5
33.8 -5
34 -5
34.2 -5
34.4 -5
34.6 -5
34.8 -5
35 5
35.2 5
35.4 5
35.6 5
35.8 5
36 5
36.2 5
36.4 5
36.6 5
36.8 5
37 5
37.2 5
37.4 5
37.6 5
37.8 5
38 5
38.2 5
38.4 5
38.6 5
38.8 5
39 0
39.2 0
39.4 0
39.6 0
39.8 0
0 -5
0.2 -5
0.4 -5
0.6 -5
0.8 -5
1 -5
1.2 -5
1.4 -5
1.6 -5
1.8 -5
2 -5
2.2 -5
2.4 -5
2.6 -5
2.8 -5
3 -5
3.2 -5
3.4 -5
3.6 -5
3.8 -5
4 -5
4.2 -5
4.4 -5
4.6 -5
4.8 -5
5 5
5.2 5
5.4 5
5.6 5
5.8 5
6 5
6.2 5
6.4 5
6.6 5
6.8 5
7 5
7.2 5
7.4 5
7.6 5
7.8 5
8 5
8.2 5
8.4 5
8.6 5
8.8 5
9 0
9.2 0
9.4 0
9.6 0
9.8 0
10 -5
10.2 -5
10.4 -5
10.6 -5
10.8 -5
11 -5
11.2 -5
11.4 -5
11.6 -5
11.8 -5
12 -5
12.2 -5
12.4 -5
12.6 -5
12.8 -5
13 -5
13.2 -5
13.4 -5
13.6 -5
13.8 -5
14 -5
14.2 -5
14.4 -5
14.6 -5
14.8 -5
15 5
15.2 5
15.4 5
15.6 5
15.8 5
16 5
16.2 5
16.4 5
16.6 5
16.8 5
17 5
17.2 5
17.4 5
17.6 5
17.8 5
18 5
18.2 5
18.4 5
18.6 5
18.8 5
19 0
19.2 0
19.4 0
19.6 0
19.8 0
20 -5
20.2 -5
20.4 -5
20.6 -5
20.8 -5
21 -5
21.2 -5
21.4 -5
21.6 -5
21.8 -5
22 -5
22.2 -5
22.4 -5
22.6 -5
22.8 -5
23 -5
23.2 -5
23.4 -5
23.6 -5
23.8 -5
24 -5
24.2 -5
24.4 -5
24.6 -5
24.8 -5
25 5
25.2 5
25.4 5
25.6 5
25.8 5
26 5
26.2 5
26.4 5
26.6 5
26.8 5
27 5
27.2 5
27.4 5
27.6 5
27.8 5
28 5
28.2 5
28.4 5
28.6 5
28.8 5
29 0
29.2 0
29.4 0
29.6 0
29.8 0
30 -5
30.2 -5
30.4 -5
0 -5
0.2 -5
0.4 -5
0.6 -5
0.8 -5
1 -5
1.2 -5
1.4 -5
1.6 -5
1.8 -5
2 -5
2.2 -5
2.4 -5
2.6 -5
2.8 -5
3 -5
3.2 -5
3.4 -5
3.6 -5
3.8 -5
4 -5
4.2 -5
4.4 -5
4.6 -5
4.8 -5
5 5
5.2 5
5.4 5
5.6 5
5.8 5
6 5
6.2 5
6.4 5
6.6 5
6.8 5
7 5
7.2 5
7.4 5
7.6 5
7.8 5
8 5
8.2 5
8.4 5
8.6 5
8.8 5
9 0
9.2 0
9.4 0
9.6 0
9.8 0
10 -5
10.2 -5
10.4 -5
10.6 -5
10.8 -5
11 -5
11.2 -5
11.4 -5
11.6 -5
11.8 -5
12 -5
12.2 -5
12.4 -5
12.6 -5
12.8 -5
13 -5
13.2 -5
13.4 -5
13.6 -5
13.8 -5
14 -5
14.2 -5
14.4 -5
14.6 -5
14.8 -5
15 5
15.2 5
15.4 5
15.6 5
15.8 5
16 5
16.2 5
16.4 5
16.6 5
16.8 5
17 5
17.2 5
17.4 5
17.6 5
17.8 5
18 5
18.2 5
18.4 5
18.6 5
18.8 5
19 0
19.2 0
19.4 0
19.6 0
19.8 0
20 -5
20.2 -5
20.4 -5
20.6 -5
20.8 -5
21 -5
21.2 -5
21.4 -5
21.6 -5
21.8 -5
22 -5
22.2 -5
22.4 -5
22.6 -5
22.8 -5
23 -5
23.2 -5
23.4 -5
23.6 -5
23.8 -5
24 -5
24.2 -5
24.4 -5
24.6 -5
24.8 -5
25 5
25.2 5
25.4 5
25.6 5
25.8 5
26 5
26.2 5
26.4 5
26.6 5
26.8 5
27 5
27.2 5
27.4 5
27.6 5
27.8 5
28 5
28.2 5
28.4 5
28.6 5
28.8 5
29 0
29.2 0
29.4 0
29.6 0
29.8 0
0 -5
0.2 -5
0.4 -5
0.6 -5
0.8 -5
1 -5
1.2 -5
1.4 -5
1.6 -5
1.8 -5
2 -5
2.2 -5
2.4 -5
2.6 -5
2.8 -5
3 -5
3.2 -5
3.4 -5
3.6 -5
3.8 -5
4 -5
4.2 -5
4.4 -5
4.6 -5
4.8 -5
5 5
5.2 5
5.4 5
5.6 5
5.8 5
6 5
6.2 5
6.4 5
6.6 5
6.8 5
7 5
7.2 5
7.4 5
7.6 5
7.8 5
8 5
8.2 5
8.4 5
8.6 5
8.8 5
9 0
9.2 0
9.4 0
9.6 0
9.8 0
10 -5
10.2 -5
10.4 -5
10.6 -5
10.8 -5
11 -5
11.2 -5
11.4 -5
11.6 -5
11.8 -5
12 -5
12.2 -5
12.4 -5
12.6 -5
12.8 -5
13 -5
13.2 -5
13.4 -5
13.6 -5
13.8 -5
14 -5
14.2 -5
14.4 -5
14.6 -5
14.8 -5
15 5
15.2 5
15.4 5
15.6 5
15.8 5
16 5
16.2 5
16.4 5
16.6 5
16.8 5
17 5
17.2 5
17.4 5
17.6 5
17.8 5
18 5
18.2 5
18.4 5
18.6 5
18.8 5
19 0
19.2 0
19.4 0
19.6 0
19.8 0
20 -5
20.2 -5
20.4 -5
20.6 -5
20.8 -5
21 -5
21.2 -5
21.4 -5
21.6 -5
21.8 -5
22 -5
22.2 -5
22.4 -5
22.6 -5
22.8 -5
23 -5
23.2 -5
23.4 -5
23.6 -5
23.8 -5
24 -5
24.2 -5
24.4 -5
24.6 -5
24.8 -5
25 5
25.2 5
25.4 5
25.6 5
25.8 5
26 5
26.2 5
26.4 5
26.6 5
26.8 5
27 5
27.2 5
27.4 5
27.6 5
27.8 5
28 5
28.2 5
28.4 5
28.6 5
28.8 5
29 0
29.2 0
29.4 0
29.6 0
29.8 0
30 -5
30.2 -5
30.4 -5
0 -5
0.2 -5
0.4 -5
0.6 -5
0.8 -5
1 -5
1.2 -5
1.4 -5
1.6 -5
1.8 -5
2 -5
2.2 -5
2.4 -5
2.6 -5
2.8 -5
3 -5
3.2 -5
3.4 -5
3.6 -5
3.8 -5
4 -5
4.2 -5
4.4 -5
4.6 -5
4.8 -5
5 5
5.2 5
5.4 5
5.6 5
5.8 5
6 5
6.2 5
6.4 5
6.6 5
6.8 5
7 5
7.2 5
7.4 5
7.6 5
7.8 5
8 5
8.2 5
8.4 5
8.6 5
8.8 5
9 0
9.2 0
9.4 0
9.6 0
9.8 0
10 -5
10.2 -5
10.4 -5
10.6 -5
10.8 -5
11 -5
11.2 -5
11.4 -5
11.6 -5
11.8 -5
12 -5
12.2 -5
12.4 -5
12.6 -5
12.8 -5
13 -5
13.2 -5
13.4 -5
13.6 -5
13.8 -5
14 -5
14.2 -5
14.4 -5
14.6 -5
14.8 -5
15 5
15.2 5
15.4 5
15.6 5
15.8 5
16 5
16.2 5
16.4 5
16.6 5
16.8 5
17 5
17.2 5
17.4 5
17.6 5
17.8 5
18 5
18.2 5
18.4 5
18.6 5
18.8 5
19 0
19.2 0
19.4 0
19.6 0
19.8 0
20 -5
20.2 -5
20.4 -5
20.6 -5
20.8 -5
21 -5
21.2 -5
21.4 -5
21.6 -5
21.8 -5
22 -5
22.2 -5
22.4 -5
22.6 -5
22.8 -5
23 -5
23.2 -5
23.4 -5
23.6 -5
23.8 -5
24 -5
24.2 -5
24.4 -5
24.6 -5
24.8 -5
25 5
25.2 5
25.4 5
25.6 5
25.8 5
26 5
26.2 5
26.4 5
26.6 5
26.8 5
27 5
27.2 5
27.4 5
27.6 5
27.8 5
28 5
28.2 5
28.4 5
28.6 5
28.8 5
29 0
29.2 0
29.4 0
29.6 0
29.8 0
0 -5
0.2 -5
0.4 -5
0.6 -5
0.8 -5
1 -5
1.2 -5
1.4 -5
1.6 -5
1.8 -5
2 -5
2.2 -5
2.4 -5
2.6 -5
2.8 -5
3 -5
3.2 -5
3.4 -5
3.6 -5
3.8 -5
4 -5
4.2 -5
4.4 -5
4.6 -5
4.8 -5
5 5
5.2 5
5.4 5
5.6 5
5.8 5
6 5
6.2 5
6.4 5
6.6 5
6.8 5
7 5
7.2 5
7.4 5
7.6 5
7.8 5
8 5
8.2 5
8.4 5
8.6 5
8.8 5
9 0
9.2 0
9.4 0
9.6 0
9.8 0
10 -5
10.2 -5
10.4 -5
10.6 -5
10.8 -5
11 -5
11.2 -5
11.4 -5
11.6 -5
11.8 -5
12 -5
12.2 -5
12.4 -5
12.6 -5
12.8 -5
13 -5
13.2 -5
13.4 -5
13.6 -5
13.8 -5
14 -5
14.2 -5
14.4 -5
14.6 -5
14.8 -5
15 5
15.2 5
15.4 5
15.6 5
15.8 5
16 5
16.2 5
16.4 5
16.6 5
16.8 5
17 5
17.2 5
17.4 5
17.6 5
17.8 5
18 5
18.2 5
18.4 5
18.6 5
18.8 5
19 0
19.2 0
19.4 0
19.6 0
19.8 0
20 -5
20.2 -5
20.4 -5
20.6 -5
20.8 -5
21 -5
21.2 -5
21.4 -5
21.6 -5
21.8 -5
22 -5
22.2 -5
22.4 -5
22.6 -5
22.8 -5
23 -5
23.2 -5
23.4 -5
23.6 -5
23.8 -5
24 -5
24.2 -5
24.4 -5
24.6 -5
24.8 -5
25 5
25.2 5
25.4 5
25.6 5
25.8 5
26 5
26.2 5
26.4 5
26.6 5
26.8 5
27 5
27.2 5
27.4 5
27.6 5
27.8 5
28 5
28.2 5
28.4 5
28.6 5
28.8 5
29 0
29.2 0
29.4 0
29.6 0
29.8 0
0 -5
0.2 -5
0.4 -5
0.6 -5
0.8 -5
1 -5
1.2 -5
1.4 -5
1.6 -5
1.8 -5
2 -5
2.2 -5
2.4 -5
2.6 -5
2.8 -5
3 -5
3.2 -5
3.4 -5
3.6 -5
3.8 -5
4 -5
4.2 -5
4.4 -5
4.6 -5
4.8 -5
5 5
5.2 5
5.4 5
5.6 5
5.8 5
6 5
6.2 5
6.4 5
6.6 5
6.8 5
7 5
7.2 5
7.4 5
7.6 5
7.8 5
8 5
8.2 5
8.4 5
8.6 5
8.8 5
9 0
9.2 0
9.4 0
9.6 0
9.8 0
10 -5
10.2 -5
10.4 -5
10.6 -5
10.8 -5
11 -5
11.2 -5
11.4 -5
11.6 -5
11.8 -5
12 -5
12.2 -5
12.4 -5
12.6 -5
12.8 -5
13 -5
13.2 -5
13.4 -5
13.6 -5
13.8 -5
14 -5
14.2 -5
14.4 -5
14.6 -5
14.8 -5
15 5
15.2 5
15.4 5
15.6 5
15.8 5
16 5
16.2 5
16.4 5
16.6 5
16.8 5
17 5
17.2 5
17.4 5
17.6 5
17.8 5
18 5
18.2 5
18.4 5
18.6 5
18.8 5
19 0
19.2 0
19.4 0
19.6 0
19.8 0
20 -5
20.2 -5
20.4 -5
20.6 -5
20.8 -5
21 -5
21.2 -5
21.4 -5
21.6 -5
21.8 -5
22 -5
22.2 -5
22.4 -5
22.6 -5
22.8 -5
23 -5
23.2 -5
23.4 -5
23.6 -5
23.8 -5
24 -5
24.2 -5
24.4 -5
24.6 -5
24.8 -5
25 5
25.2 5
25.4 5
25.6 5
25.8 5
26 5
26.2 5
26.4 5
26.6 5
26.8 5
27 5
27.2 5
27.4 5
27.6 5
27.8 5
28 5
28.2 5
28.4 5
28.6 5
28.8 5
29 0
29.2 0
29.4 0
29.6 0
29.8 0
0 -5
0.2 -5
0.4 -5
0.6 -5
0.8 -5
1 -5
1.2 -5
1.4 -5
1.6 -5
1.8 -5
2 -5
2.2 -5
2.4 -5
2.6 -5
2.8 -5
3 -5
3.2 -5
3.4 -5
3.6 -5
3.8 -5
4 -5
4.2 -5
4.4 -5
4.6 -5
4.8 -5
5 5
5.2 5
5.4 5
5.6 5
5.8 5
6 5
6.2 5
6.4 5
6.6 5
6.8 5
7 5
7.2 5
7.4 5
7.6 5
7.8 5
8 5
8.2 5
8.4 5
8.6 5
8.8 5
9 0
9.2 0
9.4 0
9.6 0
9.8 0
10 -5
10.2 -5
10.4 -5
10.6 -5
10.8 -5
11 -5
11.2 -5
11.4 -5
11.6 -5
11.8 -5
12 -5
12.2 -5
12.4 -5
12.6 -5
12.8 -5
13 -5
13.2 -5
13.4 -5
13.6 -5
13.8 -5
14 -5
14.2 -5
14.4 -5
14.6 -5
14.8 -5
15 5
15.2 5
15.4 5
15.6 5
15.8 5
16 5
16.2 5
16.4 5
16.6 5
16.8 5
17 5
17.2 5
17.4 5
17.6 5
17.8 5
18 5
18.2 5
18.4 5
18.6 5
18.8 5
19 0
19.2 0
19.4 0
19.6 0
19.8 0
20 -5
20.2 -5
20.4 -5
20.6 -5
20.8 -5
21 -5
21.2 -5
21.4 -5
21.6 -5
21.8 -5
22 -5
22.2 -5
22.4 -5
22.6 -5
22.8 -5
23 -5
23.2 -5
23.4 -5
23.6 -5
23.8 -5
24 -5
24.2 -5
24.4 -5
24.6 -5
24.8 -5
25 5
25.2 5
25.4 5
25.6 5
25.8 5
26 5
26.2 5
26.4 5
26.6 5
26.8 5
27 5
27.2 5
27.4 5
27.6 5
27.8 5
28 5
28.2 5
28.4 5
28.6 5
28.8 5
29 0
29.2 0
29.4 0
29.6 0
29.8 0
0 -5
0.2 -5
0.4 -5
0.6 -5
0.8 -5
1 -5
1.2 -5
1.4 -5
1.6 -5
1.8 -5
2 -5
2.2 -5
2.4 -5
2.6 -5
2.8 -5
3 -5
3.2 -5
3.4 -5
3.6 -5
3.8 -5
4 -5
4.2 -5
4.4 -5
4.6 -5
4.8 -5
5 5
5.2 5
5.4 5
5.6 5
5.8 5
6 5
6.2 5
6.4 5
6.6 5
6.8 5
7 5
7.2 5
7.4 5
7.6 5
7.8 5
8 5
8.2 5
8.4 5
8.6 5
8.8 5
9 0
9.2 0
9.4 0
9.6 0
9.8 0
10 -5
10.2 -5
10.4 -5
10.6 -5
10.8 -5
11 -5
11.2 -5
11.4 -5
11.6 -5
11.8 -5
12 -5
12.2 -5
12.4 -5
12.6 -5
12.8 -5
13 -5
13.2 -5
13.4 -5
13.6 -5
13.8 -5
14 -5
14.2 -5
14.4 -5
14.6 -5
14.8 -5
15 5
15.2 5
15.4 5
15.6 5
15.8 5
16 5
16.2 5
16.4 5
16.6 5
16.8 5
17 5
17.2 5
17.4 5
17.6 5
17.8 5
18 5
18.2 5
18.4 5
18.6 5
18.8 5
19 0
19.2 0
19.4 0
19.6 0
19.8 0
20 -5
20.2 -5
20.4 -5
20.6 -5
20.8 -5
21 -5
21.2 -5
21.4 -5
21.6 -5
21.8 -5
22 -5
22.2 -5
22.4 -5
22.6 -5
22.8 -5
23 -5
23.2 -5
23.4 -5
23.6 -5
23.8 -5
24 -5
24.2 -5
24.4 -5
24.6 -5
24.8 -5
25 5
25.2 5
25.4 5
25.6 5
25.8 5
26 5
26.2 5
26.4 5
26.6 5
26.8 5
27 5
27.2 5
27.4 5
27.6 5
27.8 5
28 5
28.2 5
28.4 5
28.6 5
28.8 5
29 0
29.2 0
29.4 0
29.6 0
29.8 0
0 -5
0.2 -5
0.4 -5
0.6 -5
0.8 -5
1 -5
1.2 -5
1.4 -5
1.6 -5
1.8 -5
2 -5
2.2 -5
2.4 -5
2.6 -5
2.8 -5
3 -5
3.2 -5
3.4 -5
3.6 -5
3.8 -5
4 -5
4.2 -5
4.4 -5
4.6 -5
4.8 -5
5 5
5.2 5
5.4 5
5.6 5
5.8 5
6 5
6.2 5
6.4 5
6.6 5
6.8 5
7 5
7.2 5
7.4 5
7.6 5
7.8 5
8 5
8.2 5
8.4 5
8.6 5
8.8 5
9 0
9.2 0
9.4 0
9.6 0
9.8 0
10 -5
10.2 -5
10.4 -5
10.6 -5
10.8 -5
11 -5
11.2 -5
11.4 -5
11.6 -5
11.8 -5
12 -5
12.2 -5
12.4 -5
12.6 -5
12.8 -5
13 -5
13.2 -5
13.4 -5
13.6 -5
13.8 -5
14 -5
14.2 -5
14.4 -5
14.6 -5
14.8 -5
15 5
15.2 5
15.4 5
15.6 5
15.8 5
16 5
16.2 5
16.4 5
16.6 5
16.8 5
17 5
17.2 5
17.4 5
17.6 5
17.8 5
18 5
18.2 5
18.4 5
18.6 5
18.8 5
19 0
19.2 0
19.4 0
19.6 0
19.8 0
20 -5
20.2 -5
20.4 -5
20.6 -5
20.8 -5
21 -5
21.2 -5
21.4 -5
21.6 -5
21.8 -5
22 -5
22.2 -5
22.4 -5
22.6 -5
22.8 -5
23 -5
23.2 -5
23.4 -5
23.6 -5
23.8 -5
24 -5
24.2 -5
24.4 -5
24.6 -5
24.8 -5
25 5
25.2 5
25.4 5
25.6 5
25.8 5
26 5
26.2 5
26.4 5
26.6 5
26.8 5
27 5
27.2 5
27.4 5
27.6 5
27.8 5
28 5
28.2 5
28.4 5
28.6 5
28.8 5
29 0
29.2 0
29.4 0
29.6 0
29.8 0
0 -5
0.2 -5
0.4 -5
0.6 -5
0.8 -5
1 -5
1.2 -5
1.4 -5
1.6 -5
1.8 -5
2 -5
2.2 -5
2.4 -5
2.6 -5
2.8 -5
3 -5
3.2 -5
3.4 -5
3.6 -5
3.8 -5
4 -5
4.2 -5
4.4 -5
4.6 -5
4.8 -5
5 5
5.2 5
5.4 5
5.6 5
5.8 5
6 5
6.2 5
6.4 5
6.6 5
6.8 5
7 5
7.2 5
7.4 5
7.6 5
7.8 5
8 5
8.2 5
8.4 5
8.6 5
8.8 5
9 0
9.2 0
9.4 0
9.6 0
9.8 0
10 -5
10.2 -5
10.4 -5
10.6 -5
10.8 -5
11 -5
11.2 -5
11.4 -5
11.6 -5
11.8 -5
12 -5
12.2 -5
12.4 -5
12.6 -5
12.8 -5
13 -5
13.2 -5
13.4 -5
13.6 -5
13.8 -5
14 -5
14.2 -5
14.4 -5
14.6 -5
14.8 -5
15 5
15.2 5
15.4 5
15.6 5
15.8 5
16 5
16.2 5
16.4 5
16.6 5
16.8 5
17 5
17.2 5
17.4 5
17.6 5
17.8 5
18 5
18.2 5
18.4 5
18.6 5
18.8 5
19 0
19.2 0
19.4 0
19.6 0
19.8 0
20 -5
20.2 -5
20.4 -5
20.6 -5
20.8 -5
21 -5
21.2 -5
21.4 -5
21.6 -5
21.8 -5
22 -5
22.2 -5
22.4 -5
22.6 -5
22.8 -5
23 -5
23.2 -5
23.4 -5
23.6 -5
23.8 -5
24 -5
24.2 -5
24.4 -5
24.6 -5
24.8 -5
25 5
25.2 5
25.4 5
25.6 5
25.8 5
26 5
26.2 5
26.4 5
26.6 5
26.8 5
27 5
27.2 5
27.4 5
27.6 5
27.8 5
28 5
28.2 5
28.4 5
28.6 5
28.8 5
29 0
29.2 0
29.4 0
29.6 0
29.8 0
0 -5
0.2 -5
0.4 -5
0.6 -5
0.8 -5
1 -5
1.2 -5
1.4 -5
1.6 -5
1.8 -5
2 -5
2.2 -5
2.4 -5
2.6 -5
2.8 -5
3 -5
3.2 -5
3.4 -5
3.6 -5
3.8 -5
4 -5
4.2 -5
4.4 -5
4.6 -5
4.8 -5
5 5
5.2 5
5.4 5
5.6 5
5.8 5
6 5
6.2 5
6.4 5
6.6 5
6.8 5
7 5
7.2 5
7.4 5
7.6 5
7.8 5
8 5
8.2 5
8.4 5
8.6 5
8.8 5
9 0
9.2 0
9.4 0
9.6 0
9.8 0
10 -5
10.2 -5
10.4 -5
10.6 -5
10.8 -5
11 -5
11.2 -5
11.4 -5
11.6 -5
11.8 -5
12 -5
12.2 -5
12.4 -5
12.6 -5
12.8 -5
13 -5
13.2 -5
13.4 -5
13.6 -5
13.8 -5
14 -5
14.2 -5
14.4 -5
14.6 -5
14.8 -5
15 5
15.2 5
15.4 5
15.6 5
15.8 5
16 5
16.2 5
16.4 5
16.6 5
16.8 5
17 5
17.2 5
17.4 5
17.6 5
17.8 5
18 5
18.2 5
18.4 5
18.6 5
18.8 5
19 0
19.2 0
19.4 0
19.6 0
19.8 0
20 -5
20.2 -5
20.4 -5
20.6 -5
20.8 -5
21 -5
21.2 -5
21.4 -5
21.6 -5
21.8 -5
22 -5
22.2 -5
22.4 -5
22.6 -5
22.8 -5
23 -5
23.2 -5
23.4 -5
23.6 -5
23.8 -5
24 -5
24.2 -5
24.4 -5
24.6 -5
24.8 -5
25 5
25.2 5
25.4 5
25.6 5
25.8 5
26 5
26.2 5
26.4 5
26.6 5
26.8 5
27 5
27.2 5
27.4 5
27.6 5
27.8 5
28 5
28.2 5
28.4 5
28.6 5
28.8 5
29 0
29.2 0
29.4 0
29.6 0
29.8 0
30 -5
30.2 -5
0 -5
0.2 -5
0.4 -5
0.6 -5
0.8 -5
1 -5
1.2 -5
1.4 -5
1.6 -5
1.8 -5
2 -5
2.2 -5
2.4 -5
2.6 -5
2.8 -5
3 -5
3.2 -5
3.4 -5
3.6 -5
3.8 -5
4 -5
4.2 -5
4.4 -5
4.6 -5
4.8 -5
5 5
5.2 5
5.4 5
5.6 5
5.8 5
6 5
6.2 5
6.4 5
6.6 5
6.8 5
7 5
7.2 5
7.4 5
7.6 5
7.8 5
8 5
8.2 5
8.4 5
8.6 5
8.8 5
9 0
9.2 0
9.4 0
9.6 0
9.8 0
10 -5
10.2 -5
10.4 -5
10.6 -5
10.8 -5
11 -5
11.2 -5
11.4 -5
11.6 -5
11.8 -5
12 -5
12.2 -5
12.4 -5
12.6 -5
12.8 -5
13 -5
13.2 -5
13.4 -5
13.6 -5
13.8 -5
14 -5
14.2 -5
14.4 -5
14.6 -5
14.8 -5
15 5
15.2 5
15.4 5
15.6 5
15.8 5
16 5
16.2 5
16.4 5
16.6 5
16.8 5
17 5
17.2 5
17.4 5
17.6 5
17.8 5
18 5
18.2 5
18.4 5
18.6 5
18.8 5
19 0
19.2 0
19.4 0
19.6 0
19.8 0
20 -5
20.2 -5
20.4 -5
20.6 -5
20.8 -5
21 -5
21.2 -5
21.4 -5
21.6 -5
21.8 -5
22 -5
22.2 -5
22.4 -5
22.6 -5
22.8 -5
23 -5
23.2 -5
23.4 -5
23.6 -5
23.8 -5
24 -5
24.2 -5
24.4 -5
24.6 -5
24.8 -5
25 5
25.2 5
25.4 5
25.6 5
25.8 5
26 5
26.2 5
26.4 5
26.6 5
26.8 5
27 5
27.2 5
27.4 5
27.6 5
27.8 5
28 5
28.2 5
28.4 5
28.6 5
28.8 5
29 0
29.2 0
29.4 0
29.6 0
29.8 0
0 -5
0.2 -5
0.4 -5
0.6 -5
0.8 -5
1 -5
1.2 -5
1.4 -5
1.6 -5
1.8 -5
2 -5
2.2 -5
2.4 -5
2.6 -5
2.8 -5
3 -5
3.2 -5
3.4 -5
3.6 -5
3.8 -5
4 -5
4.2 -5
4.4 -5
4.6 -5
4.8 -5
5 5
5.2 5
5.4 5
5.6 5
5.8 5
6 5
6.2 5
6.4 5
6.6 5
6.8 5
7 5
7.2 5
7.4 5
7.6 5
7.8 5
8 5
8.2 5
8.4 5
8.6 5
8.8 5
9 0
9.2 0
9.4 0
9.6 0
9.8 0
10 -5
10.2 -5
10.4 -5
10.6 -5
10.8 -5
11 -5
11.2 -5
11.4 -5
11.6 -5
11.8 -5
12 -5
12.2 -5
12.4 -5
12.6 -5
12.8 -5
13 -5
13.2 -5
13.4 -5
13.6 -5
13.8 -5
14 -5
14.2 -5
14.4 -5
14.6 -5
14.8 -5
15 5
15.2 5
15.4 5
15.6 5
15.8 5
16 5
16.2 5
16.4 5
16.6 5
16.8 5
17 5
17.2 5
17.4 5
17.6 5
17.8 5
18 5
18.2 5
18.4 5
18.6 5
18.8 5
19 0
19.2 0
19.4 0
19.6 0
19.8 0
20 -5
20.2 -5
20.4 -5
20.6 -5
20.8 -5
21 -5
21.2 -5
21.4 -5
21.6 -5
21.8 -5
22 -5
22.2 -5
22.4 -5
22.6 -5
22.8 -5
23 -5
23.2 -5
23.4 -5
23.6 -5
23.8 -5
24 -5
24.2 -5
24.4 -5
24.6 -5
24.8 -5
25 5
25.2 5
25.4 5
25.6 5
25.8 5
26 5
26.2 5
26.4 5
26.6 5
26.8 5
27 5
27.2 5
27.4 5
27.6 5
27.8 5
28 5
28.2 5
28.4 5
28.6 5
28.8 5
29 0
29.2 0
29.4 0
29.6 0
29.8 0
0 -5
0.2 -5
0.4 -5
0.6 -5
0.8 -5
1 -5
1.2 -5
1.4 -5
1.6 -5
1.8 -5
2 -5
2.2 -5
2.4 -5
2.6 -5
2.8 -5
3 -5
3.2 -5
3.4 -5
3.6 -5
3.8 -5
4 -5
4.2 -5
4.4 -5
4.6 -5
4.8 -5
5 5
5.2 5
5.4 5
5.6 5
5.8 5
6 5
6.2 5
6.4 5
6.6 5
6.8 5
7 5
7.2 5
7.4 5
7.6 5
7.8 5
8 5
8.2 5
8.4 5
8.6 5
8.8 5
9 0
9.2 0
9.4 0
9.6 0
9.8 0
10 -5
10.2 -5
10.4 -5
10.6 -5
10.8 -5
11 -5
11.2 -5
11.4 -5
11.6 -5
11.8 -5
12 -5
12.2 -5
12.4 -5
12.6 -5
12.8 -5
13 -5
13.2 -5
13.4 -5
13.6 -5
13.8 -5
14 -5
14.2 -5
14.4 -5
14.6 -5
14.8 -5
15 5
15.2 5
15.4 5
15.6 5
15.8 5
16 5
16.2 5
16.4 5
16.6 5
16.8 5
17 5
17.2 5
17.4 5
17.6 5
17.8 5
18 5
18.2 5
18.4 5
18.6 5
18.8 5
19 0
19.2 0
19.4 0
19.6 0
19.8 0
20 -5
20.2 -5
20.4 -5
20.6 -5
20.8 -5
21 -5
21.2 -5
21.4 -5
21.6 -5
21.8 -5
22 -5
22.2 -5
22.4 -5
22.6 -5
22.8 -5
23 -5
23.2 -5
23.4 -5
23.6 -5
23.8 -5
24 -5
24.2 -5
24.4 -5
24.6 -5
24.8 -5
25 5
25.2 5
25.4 5
25.6 5
25.8 5
26 5
26.2 5
26.4 5
26.6 5
26.8 5
27 5
27.2 5
27.4 5
27.6 5
27.8 5
28 5
28.2 5
28.4 5
28.6 5
28.8 5
29 0
29.2 0
29.4 0
29.6 0
29.8 0
0 -5
0.2 -5
0.4 -5
0.6 -5
0.8 -5
1 -5
1.2 -5
1.4 -5
1.6 -5
1.8 -5
2 -5
2.2 -5
2.4 -5
2.6 -5
2.8 -5
3 -5
3.2 -5
3.4 -5
3.6 -5
3.8 -5
4 -5
4.2 -5
4.4 -5
4.6 -5
4.8 -5
5 5
5.2 5
5.4 5
5.6 5
5.8 5
6 5
6.2 5
6.4 5
6.6 5
6.8 5
7 5
7.2 5
7.4 5
7.6 5
7.8 5
8 5
8.2 5
8.4 5
8.6 5
8.8 5
9 0
9.2 0
9.4 0
9.6 0
9.8 0
10 -5
10.2 -5
10.4 -5
10.6 -5
10.8 -5
11 -5
11.2 -5
11.4 -5
11.6 -5
11.8 -5
12 -5
12.2 -5
12.4 -5
12.6 -5
12.8 -5
13 -5
13.2 -5
13.4 -5
13.6 -5
13.8 -5
14 -5
14.2 -5
14.4 -5
14.6 -5
14.8 -5
15 5
15.2 5
15.4 5
15.6 5
15.8 5
16 5
16.2 5
16.4 5
16.6 5
16.8 5
17 5
17.2 5
17.4 5
17.6 5
17.8 5
18 5
18.2 5
18.4 5
18.6 5
18.8 5
19 0
19.2 0
19.4 0
19.6 0
19.8 0
20 -5
20.2 -5
20.4 -5
20.6 -5
20.8 -5
21 -5
21.2 -5
21.4 -5
21.6 -5
21.8 -5
22 -5
22.2 -5
22.4 -5
22.6 -5
22.8 -5
23 -5
23.2 -5
23.4 -5
23.6 -5
23.8 -5
24 -5
24.2 -5
24.4 -5
24.6 -5
24.8 -5
25 5
25.2 5
25.4 5
25.6 5
25.8 5
26 5
26.2 5
26.4 5
26.6 5
26.8 5
27 5
27.2 5
27.4 5
27.6 5
27.8 5
28 5
28.2 5
28.4 5
28.6 5
28.8 5
29 0
29.2 0
29.4 0
29.6 0
29.8 0
30 -5
30.2 -5
30.4 -5
30.6 -5
30.8 -5
31 -5
31.2 -5
31.4 -5
31.6 -5
31.8 -5
32 -5
32.2 -5
32.4 -5
32.6 -5
32.8 -5
33 -5
33.2 -5
33.4 -5
33.6 -5
33.8 -5
34 -5
34.2 -5
34.4 -5
34.6 -5
34.8 -5
35 5
35.2 5
35.4 5
35.6 5
35.8 5
36 5
36.2 5
36.4 5
36.6 5
36.8 5
37 5
37.2 5
37.4 5
37.6 5
37.8 5
38 5
38.2 5
38.4 5
38.6 5
38.8 5
39 0
39.2 0
39.4 0
39.6 0
39.8 0
0 -5
0.2 -5
0.4 -5
0.6 -5
0.8 -5
1 -5
1.2 -5
1.4 -5
1.6 -5
1.8 -5
2 -5
2.2 -5
2.4 -5
2.6 -5
2.8 -5
3 -5
3.2 -5
3.4 -5
3.6 -5
3.8 -5
4 -5
4.2 -5
4.4 -5
4.6 -5
4.8 -5
5 5
5.2 5
5.4 5
5.6 5
5.8 5
6 5
6.2 5
6.4 5
6.6 5
6.8 5
7 5
7.2 5
7.4 5
7.6 5
7.8 5
8 5
8.2 5
8.4 5
8.6 5
8.8 5
9 0
9.2 0
9.4 0
9.6 0
9.8 0
10 -5
10.2 -5
10.4 -5
10.6 -5
10.8 -5
11 -5
11.2 -5
11.4 -5
11.6 -5
11.8 -5
12 -5
12.2 -5
12.4 -5
12.6 -5
12.8 -5
13 -5
13.2 -5
13.4 -5
13.6 -5
13.8 -5
14 -5
14.2 -5
14.4 -5
14.6 -5
14.8 -5
15 5
15.2 5
15.4 5
15.6 5
15.8 5
16 5
16.2 5
16.4 5
16.6 5
16.8 5
17 5
17.2 5
17.4 5
17.6 5
17.8 5
18 5
18.2 5
18.4 5
18.6 5
18.8 5
19 0
19.2 0
19.4 0
19.6 0
19.8 0
20 -5
20.2 -5
20.4 -5
20.6 -5
20.8 -5
21 -5
21.2 -5
21.4 -5
21.6 -5
21.8 -5
22 -5
22.2 -5
22.4 -5
22.6 -5
22.8 -5
23 -5
23.2 -5
23.4 -5
23.6 -5
23.8 -5
24 -5
24.2 -5
24.4 -5
24.6 -5
24.8 -5
25 5
25.2 5
25.4 5
25.6 5
25.8 5
26 5
26.2 5
26.4 5
26.6 5
26.8 5
27 5
27.2 5
27.4 5
27.6 5
27.8 5
28 5
28.2 5
28.4 5
28.6 5
28.8 5
29 0
29.2 0
29.4 0
29.6 0
29.8 0
30 -5
30.2 -5
30.4 -5
30.6 -5
30.8 -5
31 -5
31.2 -5
31.4 -5
31.6 -5
31.8 -5
32 -5
32.2 -5
32.4 -5
32.6 -5
32.8 -5
33 -5
33.2 -5
33.4 -5
33.6 -5
33.8 -5
34 -5
34.2 -5
34.4 -5
34.6 -5
34.8 -5
35 5
35.2 5
35.4 5
35.6 5
35.8 5
36 5
36.2 5
36.4 5
36.6 5
36.8 5
37 5
37.2 5
37.4 5
37.6 5
37.8 5
38 5
38.2 5
38.4 5
38.6 5
38.8 5
39 0
39.2 0
39.4 0
39.6 0
39.8 0
40 -5
0 -5
0.2 -5
0.4 -5
0.6 -5
0.8 -5
1 -5
1.2 -5
1.4 -5
1.6 -5
1.8 -5
2 -5
2.2 -5
2.4 -5
2.6 -5
2.8 -5
3 -5
3.2 -5
3.4 -5
3.6 -5
3.8 -5
4 -5
4.2 -5
4.4 -5
4.6 -5
4.8 -5
5 5
5.2 5
5.4 5
5.6 5
5.8 5
6 5
6.2 5
6.4 5
6.6 5
6.8 5
7 5
7.2 5
7.4 5
7.6 5
7.8 5
8 5
8.2 5
8.4 5
8.6 5
8.8 5
9 0
9.2 0
9.4 0
9.6 0
9.8 0
10 -5
10.2 -5
10.4 -5
10.6 -5
10.8 -5
11 -5
11.2 -5
11.4 -5
11.6 -5
11.8 -5
12 -5
12.2 -5
12.4 -5
12.6 -5
12.8 -5
13 -5
13.2 -5
13.4 -5
13.6 -5
13.8 -5
14 -5
14.2 -5
14.4 -5
14.6 -5
14.8 -5
15 5
15.2 5
15.4 5
15.6 5
15.8 5
16 5
16.2 5
16.4 5
16.6 5
16.8 5
17 5
17.2 5
17.4 5
17.6 5
17.8 5
18 5
18.2 5
18.4 5
18.6 5
18.8 5
19 0
19.2 0
19.4 0
19.6 0
19.8 0
20 -5
20.2 -5
20.4 -5
20.6 -5
20.8 -5
21 -5
21.2 -5
21.4 -5
21.6 -5
21.8 -5
22 -5
22.2 -5
22.4 -5
22.6 -5
22.8 -5
23 -5
23.2 -5
23.4 -5
23.6 -5
23.8 -5
24 -5
24.2 -5
24.4 -5
24.6 -5
24.8 -5
25 5
25.2 5
25.4 5
25.6 5
25.8 5
26 5
26.2 5
26.4 5
26.6 5
26.8 5
27 5
27.2 5
27.4 5
27.6 5
27.8 5
28 5
28.2 5
28.4 5
28.6 5
28.8 5
29 0
29.2 0
29.4 0
29.6 0
29.8 0
30 -5
30.2 -5
30.4 -5
30.6 -5
30.8 -5
31 -5
31.2 -5
31.4 -5
31.6 -5
31.8 -5
32 -5
32.2 -5
32.4 -5
32.6 -5
32.8 -5
33 -5
33.2 -5
33.4 -5
33.6 -5
33.8 -5
34 -5
34.2 -5
34.4 -5
34.6 -5
34.8 -5
35 5
35.2 5
35.4 5
35.6 5
35.8 5
36 5
36.2 5
36.4 5
36.6 5
36.8 5
37 5
37.2 5
37.4 5
37.6 5
37.8 5
38 5
38.2 5
38.4 5
38.6 5
38.8 5
39 0
39.2 0
39.4 0
39.6 0
39.8 0
40 -5
0 -5
0.2 -5
0.4 -5
0.6 -5
0.8 -5
1 -5
1.2 -5
1.4 -5
1.6 -5
1.8 -5
2 -5
2.2 -5
2.4 -5
2.6 -5
2.8 -5
3 -5
3.2 -5
3.4 -5
3.6 -5
3.8 -5
4 -5
4.2 -5
4.4 -5
4.6 -5
4.8 -5
5 5
5.2 5
5.4 5
5.6 5
5.8 5
6 5
6.2 5
6.4 5
6.6 5
6.8 5
7 5
7.2 5
7.4 5
7.6 5
7.8 5
8 5
8.2 5
8.4 5
8.6 5
8.8 5
9 0
9.2 0
9.4 0
9.6 0
9.8 0
10 -5
10.2 -5
10.4 -5
10.6 -5
10.8 -5
11 -5
11.2 -5
11.4 -5
11.6 -5
11.8 -5
12 -5
12.2 -5
12.4 -5
12.6 -5
12.8 -5
13 -5
13.2 -5
13.4 -5
13.6 -5
13.8 -5
14 -5
14.2 -5
14.4 -5
14.6 -5
14.8 -5
15 5
15.2 5
15.4 5
15.6 5
15.8 5
16 5
16.2 5
16.4 5
16.6 5
16.8 5
17 5
17.2 5
17.4 5
17.6 5
17.8 5
18 5
18.2 5
18.4 5
18.6 5
18.8 5
19 0
19.2 0
19.4 0
19.6 0
19.8 0
20 -5
20.2 -5
20.4 -5
20.6 -5
20.8 -5
21 -5
21.2 -5
21.4 -5
21.6 -5
21.8 -5
22 -5
22.2 -5
22.4 -5
22.6 -5
22.8 -5
23 -5
23.2 -5
23.4 -5
23.6 -5
23.8 -5
24 -5
24.2 -5
24.4 -5
24.6 -5
24.8 -5
25 5
25.2 5
25.4 5
25.6 5
25.8 5
26 5
26.2 5
26.4 5
26.6 5
26.8 5
27 5
27.2 5
27.4 5
27.6 5
27.8 5
28 5
28.2 5
28.4 5
28.6 5
28.8 5
29 0
29.2 0
29.4 0
29.6 0
29.8 0
0 -5
0.2 -5
0.4 -5
0.6 -5
0.8 -5
1 -5
1.2 -5
1.4 -5
1.6 -5
1.8 -5
2 -5
2.2 -5
2.4 -5
2.6 -5
2.8 -5
3 -5
3.2 -5
3.4 -5
3.6 -5
3.8 -5
4 -5
4.2 -5
4.4 -5
4.6 -5
4.8 -5
5 5
5.2 5
5.4 5
5.6 5
5.8 5
6 5
6.2 5
6.4 5
6.6 5
6.8 5
7 5
7.2 5
7.4 5
7.6 5
7.8 5
8 5
8.2 5
8.4 5
8.6 5
8.8 5
9 0
9.2 0
9.4 0
9.6 0
9.8 0
10 -5
10.2 -5
10.4 -5
10.6 -5
10.8 -5
11 -5
11.2 -5
11.4 -5
11.6 -5
11.8 -5
12 -5
12.2 -5
12.4 -5
12.6 -5
12.8 -5
13 -5
13.2 -5
13.4 -5
13.6 -5
13.8 -5
14 -5
14.2 -5
14.4 -5
14.6 -5
14.8 -5
15 5
15.2 5
15.4 5
15.6 5
15.8 5
16 5
16.2 5
16.4 5
16.6 5
16.8 5
17 5
17.2 5
17.4 5
17.6 5
17.8 5
18 5
18.2 5
18.4 5
18.6 5
18.8 5
19 0
19.2 0
19.4 0
19.6 0
19.8 0
20 -5
20.2 -5
20.4 -5
20.6 -5
20.8 -5
21 -5
21.2 -5
21.4 -5
21.6 -5
21.8 -5
22 -5
22.2 -5
22.4 -5
22.6 -5
22.8 -5
23 -5
23.2 -5
23.4 -5
23.6 -5
23.8 -5
24 -5
24.2 -5
24.4 -5
24.6 -5
24.8 -5
25 5
25.2 5
25.4 5
25.6 5
25.8 5
26 5
26.2 5
26.4 5
26.6 5
26.8 5
27 5
27.2 5
27.4 5
27.6 5
27.8 5
28 5
28.2 5
28.4 5
28.6 5
28.8 5
29 0
29.2 0
29.4 0
29.6 0
29.8 0
30 -5
30.2 -5
30.4 -5
0 -5
0.2 -5
0.4 -5
0.6 -5
0.8 -5
1 -5
1.2 -5
1.4 -5
1.6 -5
1.8 -5
2 -5
2.2 -5
2.4 -5
2.6 -5
2.8 -5
3 -5
3.2 -5
3.4 -5
3.6 -5
3.8 -5
4 -5
4.2 -5
4.4 -5
4.6 -5
4.8 -5
5 5
5.2 5
5.4 5
5.6 5
5.8 5
6 5
6.2 5
6.4 5
6.6 5
6.8 5
7 5
7.2 5
7.4 5
7.6 5
7.8 5
8 5
8.2 5
8.4 5
8.6 5
8.8 5
9 0
9.2 0
9.4 0
9.6 0
9.8 0
10 -5
10.2 -5
10.4 -5
10.6 -5
10.8 -5
11 -5
11.2 -5
11.4 -5
11.6 -5
11.8 -5
12 -5
12.2 -5
12.4 -5
12.6 -5
12.8 -5
13 -5
13.2 -5
13.4 -5
13.6 -5
13.8 -5
14 -5
14.2 -5
14.4 -5
14.6 -5
14.8 -5
15 5
15.2 5
15.4 5
15.6 5
15.8 5
16 5
16.2 5
16.4 5
16.6 5
16.8 5
17 5
17.2 5
17.4 5
17.6 5
17.8 5
18 5
18.2 5
18.4 5
18.6 5
18.8 5
19 0
19.2 0
19.4 0
19.6 0
19.8 0
20 -5
20.2 -5
20.4 -5
20.6 -5
20.8 -5
21 -5
21.2 -5
21.4 -5
21.6 -5
21.8 -5
22 -5
22.2 -5
22.4 -5
22.6 -5
22.8 -5
23 -5
23.2 -5
23.4 -5
23.6 -5
23.8 -5
24 -5
24.2 -5
24.4 -5
24.6 -5
24.8 -5
25 5
25.2 5
25.4 5
25.6 5
25.8 5
26 5
26.2 5
26.4 5
26.6 5
26.8 5
27 5
27.2 5
27.4 5
27.6 5
27.8 5
28 5
28.2 5
28.4 5
28.6 5
28.8 5
29 0
29.2 0
29.4 0
29.6 0
29.8 0
30 -5
30.2 -5
30.4 -5
30.6 -5
0 -5
0.2 -5
0.4 -5
0.6 -5
0.8 -5
1 -5
1.2 -5
1.4 -5
1.6 -5
1.8 -5
2 -5
2.2 -5
2.4 -5
2.6 -5
2.8 -5
3 -5
3.2 -5
3.4 -5
3.6 -5
3.8 -5
4 -5
4.2 -5
4.4 -5
4.6 -5
4.8 -5
5 5
5.2 5
5.4 5
5.6 5
5.8 5
6 5
6.2 5
6.4 5
6.6 5
6.8 5
7 5
7.2 5
7.4 5
7.6 5
7.8 5
8 5
8.2 5
8.4 5
8.6 5
8.8 5
9 0
9.2 0
9.4 0
9.6 0
9.8 0
10 -5
10.2 -5
10.4 -5
10.6 -5
10.8 -5
11 -5
11.2 -5
11.4 -5
11.6 -5
11.8 -5
12 -5
12.2 -5
12.4 -5
12.6 -5
12.8 -5
13 -5
13.2 -5
13.4 -5
13.6 -5
13.8 -5
14 -5
14.2 -5
14.4 -5
14.6 -5
14.8 -5
15 5
15.2 5
15.4 5
15.6 5
15.8 5
16 5
16.2 5
16.4 5
16.6 5
16.8 5
17 5
17.2 5
17.4 5
17.6 5
17.8 5
18 5
18.2 5
18.4 5
18.6 5
18.8 5
19 0
19.2 0
19.4 0
19.6 0
19.8 0
20 -5
20.2 -5
20.4 -5
20.6 -5
20.8 -5
21 -5
21.2 -5
21.4 -5
21.6 -5
21.8 -5
22 -5
22.2 -5
22.4 -5
22.6 -5
22.8 -5
23 -5
23.2 -5
23.4 -5
23.6 -5
23.8 -5
24 -5
24.2 -5
24.4 -5
24.6 -5
24.8 -5
25 5
25.2 5
25.4 5
25.6 5
25.8 5
26 5
26.2 5
26.4 5
26.6 5
26.8 5
27 5
27.2 5
27.4 5
27.6 5
27.8 5
28 5
28.2 5
28.4 5
28.6 5
28.8 5
29 0
29.2 0
29.4 0
29.6 0
29.8 0
30 -5
30.2 -5
30.4 -5
30.6 -5
30.8 -5
0 -5
0.2 -5
0.4 -5
0.6 -5
0.8 -5
1 -5
1.2 -5
1.4 -5
1.6 -5
1.8 -5
2 -5
2.2 -5
2.4 -5
2.6 -5
2.8 -5
3 -5
3.2 -5
3.4 -5
3.6 -5
3.8 -5
4 -5
4.2 -5
4.4 -5
4.6 -5
4.8 -5
5 5
5.2 5
5.4 5
5.6 5
5.8 5
6 5
6.2 5
6.4 5
6.6 5
6.8 5
7 5
7.2 5
7.4 5
7.6 5
7.8 5
8 5
8.2 5
8.4 5
8.6 5
8.8 5
9 0
9.2 0
9.4 0
9.6 0
9.8 0
10 -5
10.2 -5
10.4 -5
10.6 -5
10.8 -5
11 -5
11.2 -5
11.4 -5
11.6 -5
11.8 -5
12 -5
12.2 -5
12.4 -5
12.6 -5
12.8 -5
13 -5
13.2 -5
13.4 -5
13.6 -5
13.8 -5
14 -5
14.2 -5
14.4 -5
14.6 -5
14.8 -5
15 5
15.2 5
15.4 5
15.6 5
15.8 5
16 5
16.2 5
16.4 5
16.6 5
16.8 5
17 5
17.2 5
17.4 5
17.6 5
17.8 5
18 5
18.2 5
18.4 5
18.6 5
18.8 5
19 0
19.2 0
19.4 0
19.6 0
19.8 0
20 -5
20.2 -5
20.4 -5
20.6 -5
20.8 -5
21 -5
21.2 -5
21.4 -5
21.6 -5
21.8 -5
22 -5
22.2 -5
22.4 -5
22.6 -5
22.8 -5
23 -5
23.2 -5
23.4 -5
23.6 -5
23.8 -5
24 -5
24.2 -5
24.4 -5
24.6 -5
24.8 -5
25 5
25.2 5
25.4 5
25.6 5
25.8 5
26 5
26.2 5
26.4 5
26.6 5
26.8 5
27 5
27.2 5
27.4 5
27.6 5
27.8 5
28 5
28.2 5
28.4 5
28.6 5
28.8 5
29 0
29.2 0
29.4 0
29.6 0
29.8 0
30 -5
30.2 -5
30.4 -5
30.6 -5
30.8 -5
0 -5
0.2 -5
0.4 -5
0.6 -5
0.8 -5
1 -5
1.2 -5
1.4 -5
1.6 -5
1.8 -5
2 -5
2.2 -5
2.4 -5
2.6 -5
2.8 -5
3 -5
3.2 -5
3.4 -5
3.6 -5
3.8 -5
4 -5
4.2 -5
4.4 -5
4.6 -5
4.8 -5
5 5
5.2 5
5.4 5
5.6 5
5.8 5
6 5
6.2 5
6.4 5
6.6 5
6.8 5
7 5
7.2 5
7.4 5
7.6 5
7.8 5
8 5
8.2 5
8.4 5
8.6 5
8.8 5
9 0
9.2 0
9.4 0
9.6 0
9.8 0
10 -5
10.2 -5
10.4 -5
10.6 -5
10.8 -5
11 -5
11.2 -5
11.4 -5
11.6 -5
11.8 -5
12 -5
12.2 -5
12.4 -5
12.6 -5
12.8 -5
13 -5
13.2 -5
13.4 -5
13.6 -5
13.8 -5
14 -5
14.2 -5
14.4 -5
14.6 -5
14.8 -5
15 5
15.2 5
15.4 5
15.6 5
15.8 5
16 5
16.2 5
16.4 5
16.6 5
16.8 5
17 5
17.2 5
17.4 5
17.6 5
17.8 5
18 5
18.2 5
18.4 5
18.6 5
18.8 5
19 0
19.2 0
19.4 0
19.6 0
19.8 0
20 -5
20.2 -5
20.4 -5
20.6 -5
20.8 -5
21 -5
21.2 -5
21.4 -5
21.6 -5
21.8 -5
22 -5
22.2 -5
22.4 -5
22.6 -5
22.8 -5
23 -5
23.2 -5
23.4 -5
23.6 -5
23.8 -5
24 -5
24.2 -5
24.4 -5
24.6 -5
24.8 -5
25 5
25.2 5
25.4 5
25.6 5
25.8 5
26 5
26.2 5
26.4 5
26.6 5
26.8 5
27 5
27.2 5
27.4 5
27.6 5
27.8 5
28 5
28.2 5
28.4 5
28.6 5
28.8 5
29 0
29.2 0
29.4 0
29.6 0
29.8 0
30 -5
30.2 -5
30.4 -5
30.6 -5
30.8 -5
0 -5
0.2 -5
0.4 -5
0.6 -5
0.8 -5
1 -5
1.2 -5
1.4 -5
1.6 -5
1.8 -5
2 -5
2.2 -5
2.4 -5
2.6 -5
2.8 -5
3 -5
3.2 -5
3.4 -5
3.6 -5
3.8 -5
4 -5
4.2 -5
4.4 -5
4.6 -5
4.8 -5
5 5
5.2 5
5.4 5
5.6 5
5.8 5
6 5
6.2 5
6.4 5
6.6 5
6.8 5
7 5
7.2 5
7.4 5
7.6 5
7.8 5
8 5
8.2 5
8.4 5
8.6 5
8.8 5
9 0
9.2 0
9.4 0
9.6 0
9.8 0
10 -5
10.2 -5
10.4 -5
10.6 -5
10.8 -5
11 -5
11.2 -5
11.4 -5
11.6 -5
11.8 -5
12 -5
12.2 -5
12.4 -5
12.6 -5
12.8 -5
13 -5
13.2 -5
13.4 -5
13.6 -5
13.8 -5
14 -5
14.2 -5
14.4 -5
14.6 -5
14.8 -5
15 5
15.2 5
15.4 5
15.6 5
15.8 5
16 5
16.2 5
16.4 5
16.6 5
16.8 5
17 5
17.2 5
17.4 5
17.6 5
17.8 5
18 5
18.2 5
18.4 5
18.6 5
18.8 5
19 0
19.2 0
19.4 0
19.6 0
19.8 0
20 -5
20.2 -5
20.4 -5
20.6 -5
20.8 -5
21 -5
21.2 -5
21.4 -5
21.6 -5
21.8 -5
22 -5
22.2 -5
22.4 -5
22.6 -5
22.8 -5
23 -5
23.2 -5
23.4 -5
23.6 -5
23.8 -5
24 -5
24.2 -5
24.4 -5
24.6 -5
24.8 -5
25 5
25.2 5
25.4 5
25.6 5
25.8 5
26 5
26.2 5
26.4 5
26.6 5
26.8 5
27 5
27.2 5
27.4 5
27.6 5
27.8 5
28 5
28.2 5
28.4 5
28.6 5
28.8 5
29 0
29.2 0
29.4 0
29.6 0
29.8 0
30 -5
30.2 -5
30.4 -5
30.6 -5
30.8 -5
31 -5
0 -5
0.2 -5
0.4 -5
0.6 -5
0.8 -5
1 -5
1.2 -5
1.4 -5
1.6 -5
1.8 -5
2 -5
2.2 -5
2.4 -5
2.6 -5
2.8 -5
3 -5
3.2 -5
3.4 -5
3.6 -5
3.8 -5
4 -5
4.2 -5
4.4 -5
4.6 -5
4.8 -5
5 5
5.2 5
5.4 5
5.6 5
5.8 5
6 5
6.2 5
6.4 5
6.6 5
6.8 5
7 5
7.2 5
7.4 5
7.6 5
7.8 5
8 5
8.2 5
8.4 5
8.6 5
8.8 5
9 0
9.2 0
9.4 0
9.6 0
9.8 0
10 -5
10.2 -5
10.4 -5
10.6 -5
10.8 -5
11 -5
11.2 -5
11.4 -5
11.6 -5
11.8 -5
12 -5
12.2 -5
12.4 -5
12.6 -5
12.8 -5
13 -5
13.2 -5
13.4 -5
13.6 -5
13.8 -5
14 -5
14.2 -5
14.4 -5
14.6 -5
14.8 -5
15 5
15.2 5
15.4 5
15.6 5
15.8 5
16 5
16.2 5
16.4 5
16.6 5
16.8 5
17 5
17.2 5
17.4 5
17.6 5
17.8 5
18 5
18.2 5
18.4 5
18.6 5
18.8 5
19 0
19.2 0
19.4 0
19.6 0
19.8 0
20 -5
20.2 -5
20.4 -5
20.6 -5
20.8 -5
21 -5
21.2 -5
21.4 -5
21.6 -5
21.8 -5
22 -5
22.2 -5
22.4 -5
22.6 -5
22.8 -5
23 -5
23.2 -5
23.4 -5
23.6 -5
23.8 -5
24 -5
24.2 -5
24.4 -5
24.6 -5
24.8 -5
25 5
25.2 5
25.4 5
25.6 5
25.8 5
26 5
26.2 5
26.4 5
26.6 5
26.8 5
27 5
27.2 5
27.4 5
27.6 5
27.8 5
28 5
28.2 5
28.4 5
28.6 5
28.8 5
29 0
29.2 0
29.4 0
29.6 0
29.8 0
30 -5
30.2 -5
30.4 -5
30.6 -5
30.8 -5
31 -5
31.2 -5
31.4 -5
31.6 -5
31.8 -5
32 -5
32.2 -5
32.4 -5
32.6 -5
32.8 -5
33 -5
33.2 -5
33.4 -5
33.6 -5
33.8 -5
34 -5
34.2 -5
34.4 -5
34.6 -5
34.8 -5
0 -5
0.2 -5
0.4 -5
0.6 -5
0.8 -5
1 -5
1.2 -5
1.4 -5
1.6 -5
1.8 -5
2 -5
2.2 -5
2.4 -5
2.6 -5
2.8 -5
3 -5
3.2 -5
3.4 -5
3.6 -5
3.8 -5
4 -5
4.2 -5
4.4 -5
4.6 -5
4.8 -5
5 5
5.2 5
5.4 5
5.6 5
5.8 5
6 5
6.2 5
6.4 5
6.6 5
6.8 5
7 5
7.2 5
7.4 5
7.6 5
7.8 5
8 5
8.2 5
8.4 5
8.6 5
8.8 5
9 0
9.2 0
9.4 0
9.6 0
9.8 0
10 -5
10.2 -5
10.4 -5
10.6 -5
10.8 -5
11 -5
11.2 -5
11.4 -5
11.6 -5
11.8 -5
12 -5
12.2 -5
12.4 -5
12.6 -5
12.8 -5
13 -5
13.2 -5
13.4 -5
13.6 -5
13.8 -5
14 -5
14.2 -5
14.4 -5
14.6 -5
14.8 -5
15 5
15.2 5
15.4 5
15.6 5
15.8 5
16 5
16.2 5
16.4 5
16.6 5
16.8 5
17 5
17.2 5
17.4 5
17.6 5
17.8 5
18 5
18.2 5
18.4 5
18.6 5
18.8 5
19 0
19.2 0
19.4 0
19.6 0
19.8 0
20 -5
20.2 -5
20.4 -5
20.6 -5
20.8 -5
21 -5
21.2 -5
21.4 -5
21.6 -5
21.8 -5
22 -5
22.2 -5
22.4 -5
22.6 -5
22.8 -5
23 -5
23.2 -5
23.4 -5
23.6 -5
23.8 -5
24 -5
24.2 -5
24.4 -5
24.6 -5
24.8 -5
25 5
25.2 5
25.4 5
25.6 5
25.8 5
26 5
26.2 5
26.4 5
26.6 5
26.8 5
27 5
27.2 5
27.4 5
27.6 5
27.8 5
28 5
28.2 5
28.4 5
28.6 5
28.8 5
29 0
29.2 0
29.4 0
29.6 0
29.8 0
30 -5
30.2 -5
30.4 -5
30.6 -5
30.8 -5
0 -5
0.2 -5
0.4 -5
0.6 -5
0.8 -5
1 -5
1.2 -5
1.4 -5
1.6 -5
1.8 -5
2 -5
2.2 -5
2.4 -5
2.6 -5
2.8 -5
3 -5
3.2 -5
3.4 -5
3.6 -5
3.8 -5
4 -5
4.2 -5
4.4 -5
4.6 -5
4.8 -5
5 5
5.2 5
5.4 5
5.6 5
5.8 5
6 5
6.2 5
6.4 5
6.6 5
6.8 5
7 5
7.2 5
7.4 5
7.6 5
7.8 5
8 5
8.2 5
8.4 5
8.6 5
8.8 5
9 0
9.2 0
9.4 0
9.6 0
9.8 0
10 -5
10.2 -5
10.4 -5
10.6 -5
10.8 -5
11 -5
11.2 -5
11.4 -5
11.6 -5
11.8 -5
12 -5
12.2 -5
12.4 -5
12.6 -5
12.8 -5
13 -5
13.2 -5
13.4 -5
13.6 -5
13.8 -5
14 -5
14.2 -5
14.4 -5
14.6 -5
14.8 -5
15 5
15.2 5
15.4 5
15.6 5
15.8 5
16 5
16.2 5
16.4 5
16.6 5
16.8 5
17 5
17.2 5
17.4 5
17.6 5
17.8 5
18 5
18.2 5
18.4 5
18.6 5
18.8 5
19 0
19.2 0
19.4 0
19.6 0
19.8 0
20 -5
20.2 -5
20.4 -5
20.6 -5
20.8 -5
21 -5
21.2 -5
21.4 -5
21.6 -5
21.8 -5
22 -5
22.2 -5
22.4 -5
22.6 -5
22.8 -5
23 -5
23.2 -5
23.4 -5
23.6 -5
23.8 -5
24 -5
24.2 -5
24.4 -5
24.6 -5
24.8 -5
25 5
25.2 5
25.4 5
25.6 5
25.8 5
26 5
26.2 5
26.4 5
26.6 5
26.8 5
27 5
27.2 5
27.4 5
27.6 5
27.8 5
28 5
28.2 5
28.4 5
28.6 5
28.8 5
29 0
29.2 0
29.4 0
29.6 0
29.8 0
30 -5
30.2 -5
30.4 -5
30.6 -5
30.8 -5
0 -5
0.2 -5
0.4 -5
0.6 -5
0.8 -5
1 -5
1.2 -5
1.4 -5
1.6 -5
1.8 -5
2 -5
2.2 -5
2.4 -5
2.6 -5
2.8 -5
3 -5
3.2 -5
3.4 -5
3.6 -5
3.8 -5
4 -5
4.2 -5
4.4 -5
4.6 -5
4.8 -5
5 5
5.2 5
5.4 5
5.6 5
5.8 5
6 5
6.2 5
6.4 5
6.6 5
6.8 5
7 5
7.2 5
7.4 5
7.6 5
7.8 5
8 5
8.2 5
8.4 5
8.6 5
8.8 5
9 0
9.2 0
9.4 0
9.6 0
9.8 0
10 -5
10.2 -5
10.4 -5
10.6 -5
10.8 -5
11 -5
11.2 -5
11.4 -5
11.6 -5
11.8 -5
12 -5
12.2 -5
12.4 -5
12.6 -5
12.8 -5
13 -5
13.2 -5
13.4 -5
13.6 -5
13.8 -5
14 -5
14.2 -5
14.4 -5
14.6 -5
14.8 -5
15 5
15.2 5
15.4 5
15.6 5
15.8 5
16 5
16.2 5
16.4 5
16.6 5
16.8 5
17 5
17.2 5
17.4 5
17.6 5
17.8 5
18 5
18.2 5
18.4 5
18.6 5
18.8 5
19 0
19.2 0
19.4 0
19.6 0
19.8 0
20 -5
20.2 -5
20.4 -5
20.6 -5
20.8 -5
21 -5
21.2 -5
21.4 -5
21.6 -5
21.8 -5
22 -5
22.2 -5
22.4 -5
22.6 -5
22.8 -5
23 -5
23.2 -5
23.4 -5
23.6 -5
23.8 -5
24 -5
24.2 -5
24.4 -5
24.6 -5
24.8 -5
25 5
25.2 5
25.4 5
25.6 5
25.8 5
26 5
26.2 5
26.4 5
26.6 5
26.8 5
27 5
27.2 5
27.4 5
27.6 5
27.8 5
28 5
28.2 5
28.4 5
28.6 5
28.8 5
29 0
29.2 0
29.4 0
29.6 0
29.8 0
30 -5
30.2 -5
30.4 -5
30.6 -5
30.8 -5
0 -5
0.2 -5
0.4 -5
0.6 -5
0.8 -5
1 -5
1.2 -5
1.4 -5
1.6 -5
1.8 -5
2 -5
2.2 -5
2.4 -5
2.6 -5
2.8 -5
3 -5
3.2 -5
3.4 -5
3.6 -5
3.8 -5
4 -5
4.2 -5
4.4 -5
4.6 -5
4.8 -5
5 5
5.2 5
5.4 5
5.6 5
5.8 5
6 5
6.2 5
6.4 5
6.6 5
6.8 5
7 5
7.2 5
7.4 5
7.6 5
7.8 5
8 5
8.2 5
8.4 5
8.6 5
8.8 5
9 0
9.2 0
9.4 0
9.6 0
9.8 0
10 -5
10.2 -5
10.4 -5
10.6 -5
10.8 -5
11 -5
11.2 -5
11.4 -5
11.6 -5
11.8 -5
12 -5
12.2 -5
12.4 -5
12.6 -5
12.8 -5
13 -5
13.2 -5
13.4 -5
13.6 -5
13.8 -5
14 -5
14.2 -5
14.4 -5
14.6 -5
14.8 -5
15 5
15.2 5
15.4 5
15.6 5
15.8 5
16 5
16.2 5
16.4 5
16.6 5
16.8 5
17 5
17.2 5
17.4 5
17.6 5
17.8 5
18 5
18.2 5
18.4 5
18.6 5
18.8 5
19 0
19.2 0
19.4 0
19.6 0
19.8 0
20 -5
20.2 -5
20.4 -5
20.6 -5
20.8 -5
21 -5
21.2 -5
21.4 -5
21.6 -5
21.8 -5
22 -5
22.2 -5
22.4 -5
22.6 -5
22.8 -5
23 -5
23.2 -5
23.4 -5
23.6 -5
23.8 -5
24 -5
24.2 -5
24.4 -5
24.6 -5
24.8 -5
25 5
25.2 5
25.4 5
25.6 5
25.8 5
26 5
26.2 5
26.4 5
26.6 5
26.8 5
27 5
27.2 5
27.4 5
27.6 5
27.8 5
28 5
28.2 5
28.4 5
28.6 5
28.8 5
29 0
29.2 0
29.4 0
29.6 0
29.8 0
30 -5
30.2 -5
30.4 -5
30.6 -5
30.8 -5
0 -5
0.2 -5
0.4 -5
0.6 -5
0.8 -5
1 -5
1.2 -5
1.4 -5
1.6 -5
1.8 -5
2 -5
2.2 -5
2.4 -5
2.6 -5
2.8 -5
3 -5
3.2 -5
3.4 -5
3.6 -5
3.8 -5
4 -5
4.2 -5
4.4 -5
4.6 -5
4.8 -5
5 5
5.2 5
5.4 5
5.6 5
5.8 5
6 5
6.2 5
6.4 5
6.6 5
6.8 5
7 5
7.2 5
7.4 5
7.6 5
7.8 5
8 5
8.2 5
8.4 5
8.6 5
8.8 5
9 0
9.2 0
9.4 0
9.6 0
9.8 0
10 -5
10.2 -5
10.4 -5
10.6 -5
10.8 -5
11 -5
11.2 -5
11.4 -5
11.6 -5
11.8 -5
12 -5
12.2 -5
12.4 -5
12.6 -5
12.8 -5
13 -5
13.2 -5
13.4 -5
13.6 -5
13.8 -5
14 -5
14.2 -5
14.4 -5
14.6 -5
14.8 -5
15 5
15.2 5
15.4 5
15.6 5
15.8 5
16 5
16.2 5
16.4 5
16.6 5
16.8 5
17 5
17.2 5
17.4 5
17.6 5
17.8 5
18 5
18.2 5
18.4 5
18.6 5
18.8 5
19 0
19.2 0
19.4 0
19.6 0
19.8 0
20 -5
20.2 -5
20.4 -5
20.6 -5
20.8 -5
21 -5
21.2 -5
21.4 -5
21.6 -5
21.8 -5
22 -5
22.2 -5
22.4 -5
22.6 -5
22.8 -5
23 -5
23.2 -5
23.4 -5
23.6 -5
23.8 -5
24 -5
24.2 -5
24.4 -5
24.6 -5
24.8 -5
25 5
25.2 5
25.4 5
25.6 5
25.8 5
26 5
26.2 5
26.4 5
26.6 5
26.8 5
27 5
27.2 5
27.4 5
27.6 5
27.8 5
28 5
28.2 5
28.4 5
28.6 5
28.8 5
29 0
29.2 0
29.4 0
29.6 0
29.8 0
30 -5
30.2 -5
30.4 -5
30.6 -5
30.8 -5
31 -5
